0.00	0.0000
0.08	0.1398
0.16	0.2728
0.24	0.3756
0.32	0.4465
0.40	0.5003
0.48	0.5449
0.56	0.5844
0.64	0.6229
0.72	0.6573
0.80	0.6896
0.88	0.7215
0.96	0.7519
1.04	0.7799
1.12	0.8067
1.20	0.8345
1.28	0.8599
1.36	0.8837
1.44	0.9074
1.52	0.9294
1.60	0.9489
1.68	0.9685
1.76	0.9861
1.84	1.0026
1.92	1.0192
2.00	1.0344
2.08	1.0497
2.16	1.0642
2.24	1.0785
2.32	1.0928
2.40	1.1063
2.48	1.1200
2.56	1.1326
2.64	1.1457
2.72	1.1586
2.80	1.1712
2.88	1.1836
2.96	1.1959
3.04	1.2079
3.12	1.2198
3.20	1.2315
3.28	1.2432
3.36	1.2547
3.44	1.2664
3.52	1.2770
3.60	1.2878
3.68	1.2981
3.76	1.3081
3.84	1.3180
3.92	1.3283
4.00	1.3383
4.08	1.3484
4.16	1.3582
4.24	1.3683
4.32	1.3784
4.40	1.3888
4.48	1.3988
4.56	1.4091
4.64	1.4194
4.72	1.4295
4.80	1.4400
4.88	1.4502
4.96	1.4602
5.04	1.4705
5.12	1.4806
5.20	1.4904
5.28	1.5000
5.36	1.5098
5.44	1.5196
5.52	1.5294
5.60	1.5390
5.68	1.5488
5.76	1.5584
5.84	1.5680
5.92	1.5774
6.00	1.5870
6.08	1.5963
6.16	1.6058
6.24	1.6151
6.32	1.6243
6.40	1.6336
6.48	1.6428
6.56	1.6519
6.64	1.6572
6.72	1.6672
6.80	1.6759
6.88	1.6796
6.96	1.6540
7.04	1.6680
7.12	1.6758
7.20	1.6845
7.28	1.6931
7.36	1.7016
7.44	1.7098
7.52	1.7186
7.60	1.7266
7.68	1.7344
7.76	1.7422
7.84	1.7500
7.92	1.7564
8.00	1.7591
8.08	1.7441
8.16	1.7451
8.24	1.7518
8.32	1.7586
8.40	1.7643
8.48	1.7688
8.56	1.7690
8.64	1.7273
8.72	1.7310
8.80	1.7476
8.88	1.7489
8.96	1.7549
9.04	1.7609
9.12	1.7657
9.20	1.7714
9.28	1.7757
9.36	1.7829
9.44	1.7856
9.52	1.7894
9.60	1.7863
9.68	1.7780
9.76	1.7769
9.84	1.7351
9.92	1.7605
10.00	1.7624
10.08	1.7654
10.16	1.7680
10.24	1.7700
10.32	1.7710
10.40	1.7691
10.48	1.7732
10.56	1.7793
10.64	1.7816
10.72	1.7844
10.80	1.7832
10.88	1.7875
10.96	1.7912
11.04	1.7915
11.12	1.7883
11.20	1.7894
11.28	1.7915
11.36	1.7778
11.44	1.7601
11.52	1.7570
11.60	1.7536
11.68	1.7524
11.76	1.7521
11.84	1.7522
11.92	1.7508
12.00	1.7426
12.08	1.7236
12.16	1.7082
12.24	1.6998
12.32	1.6909
12.40	1.6614
12.48	1.6562
12.56	1.6554
12.64	1.6568
12.72	1.6575
12.80	1.6584
12.88	1.6585
12.96	1.6580
13.04	1.6540
13.12	1.6474
13.20	1.6442
13.28	1.6374
13.36	1.6113
13.44	1.5905
13.52	1.5427
13.60	1.5417
13.68	1.5381
13.76	1.5357
13.84	1.5329
13.92	1.5271
14.00	1.5316
14.08	1.5305
14.16	1.5285
14.24	1.5218
14.32	1.5268
14.40	1.5290
14.48	1.5278
14.56	1.5283
14.64	1.5285
14.72	1.5275
14.80	1.5293
14.88	1.5285
14.96	1.5214
15.04	1.5045
15.12	1.5074
15.20	1.5030
15.28	1.5007
15.36	1.4992
15.44	1.4983
15.52	1.4973
15.60	1.4940
15.68	1.4822
15.76	1.4761
15.84	1.4742
15.92	1.4723
16.00	1.4702
16.08	1.4600
16.16	1.4497
16.24	1.4388
16.32	1.4205
16.40	1.4137
16.48	1.4067
16.56	1.4027
16.64	1.4007
16.72	1.3993
16.80	1.3983
16.88	1.3979
16.96	1.3979
17.04	1.3980
17.12	1.3982
17.20	1.3987
17.28	1.3994
17.36	1.4000
17.44	1.4007
17.52	1.4013
17.60	1.4020
17.68	1.4027
17.76	1.4032
17.84	1.4034
17.92	1.4035
18.00	1.4013
18.08	1.4035
18.16	1.4033
18.24	1.4031
18.32	1.4016
18.40	1.4003
18.48	1.3981
18.56	1.3884
18.64	1.3849
18.72	1.3801
18.80	1.3767
18.88	1.3744
18.96	1.3732
19.04	1.3723
19.12	1.3713
19.20	1.3700
19.28	1.3668
19.36	1.3638
19.44	1.3628
19.52	1.3598
19.60	1.3605
19.68	1.3586
19.76	1.3597
19.84	1.3581
19.92	1.3579
20.00	1.3579
20.08	1.3578
20.16	1.3578
20.24	1.3580
20.32	1.3586
20.40	1.3591
20.48	1.3597
20.56	1.3606
20.64	1.3615
20.72	1.3623
20.80	1.3631
20.88	1.3642
20.96	1.3652
21.04	1.3661
21.12	1.3671
21.20	1.3679
21.28	1.3689
21.36	1.3699
21.44	1.3708
21.52	1.3720
21.60	1.3728
21.68	1.3687
21.76	1.3514
21.84	1.3464
21.92	1.3469
22.00	1.3472
22.08	1.3479
22.16	1.3486
22.24	1.3494
22.32	1.3500
22.40	1.3510
22.48	1.3517
22.56	1.3522
22.64	1.3538
22.72	1.3511
22.80	1.3567
22.88	1.3529
22.96	1.3573
23.04	1.3573
23.12	1.3556
23.20	1.3451
23.28	1.3476
23.36	1.3420
23.44	1.3366
23.52	1.3278
23.60	1.3270
23.68	1.3261
23.76	1.3266
23.84	1.3297
23.92	1.3320
24.00	1.3345
24.08	1.3386
24.16	1.3412
24.24	1.3436
24.32	1.3447
24.40	1.3461
24.48	1.3467
24.56	1.3477
24.64	1.3474
24.72	1.3486
24.80	1.3473
24.88	1.3474
24.96	1.3314
25.04	1.3223
25.12	1.3207
25.20	1.3193
25.28	1.3161
25.36	1.3145
25.44	1.3128
25.52	1.3123
25.60	1.3103
25.68	1.3103
25.76	1.3081
25.84	1.3054
25.92	1.2856
26.00	1.2817
26.08	1.2572
26.16	1.2402
26.24	1.2171
26.32	1.2113
26.40	1.2013
26.48	1.1877
26.56	1.1781
26.64	1.1739
26.72	1.1666
26.80	1.1539
26.88	1.1410
26.96	1.1281
27.04	1.1248
27.12	1.1221
27.20	1.1209
27.28	1.1193
27.36	1.1184
27.44	1.1174
27.52	1.1168
27.60	1.1156
27.68	1.1147
27.76	1.1123
27.84	1.1099
27.92	1.1073
28.00	1.1060
28.08	1.1055
28.16	1.1047
28.24	1.1039
28.32	1.1024
28.40	1.0923
28.48	1.0785
28.56	1.0780
28.64	1.0723
28.72	1.0700
28.80	1.0687
28.88	1.0676
28.96	1.0664
29.04	1.0652
29.12	1.0637
29.20	1.0624
29.28	1.0610
29.36	1.0596
29.44	1.0573
29.52	1.0550
29.60	1.0548
29.68	1.0546
29.76	1.0536
29.84	1.0527
29.92	1.0521
30.00	1.0496
30.08	1.0479
30.16	1.0442
30.24	1.0429
30.32	1.0402
30.40	1.0373
30.48	1.0369
30.56	1.0381
30.64	1.0394
30.72	1.0404
30.80	1.0404
30.88	1.0391
30.96	1.0369
31.04	1.0377
31.12	1.0371
31.20	1.0381
31.28	1.0383
31.36	1.0377
31.44	1.0337
31.52	1.0329
31.60	1.0317
31.68	1.0318
31.76	1.0285
31.84	1.0315
31.92	1.0278
32.00	1.0234
32.08	1.0223
32.16	1.0207
32.24	1.0205
32.32	1.0193
32.40	1.0180
32.48	1.0163
32.56	1.0160
32.64	1.0154
32.72	1.0135
32.80	1.0114
32.88	1.0112
32.96	1.0111
33.04	1.0116
33.12	1.0116
33.20	1.0118
33.28	1.0121
33.36	1.0124
33.44	1.0127
33.52	1.0128
33.60	1.0128
33.68	1.0131
33.76	1.0135
33.84	1.0137
33.92	1.0140
34.00	1.0137
34.08	1.0144
34.16	1.0145
34.24	1.0149
34.32	1.0152
34.40	1.0155
34.48	1.0157
34.56	1.0160
34.64	1.0163
34.72	1.0166
34.80	1.0170
34.88	1.0173
34.96	1.0176
35.04	1.0179
35.12	1.0182
35.20	1.0179
35.28	1.0099
35.36	1.0078
35.44	1.0067
35.52	1.0060
35.60	1.0059
35.68	1.0056
35.76	1.0057
35.84	1.0059
35.92	1.0063
36.00	1.0067
36.08	1.0072
36.16	1.0076
36.24	1.0080
36.32	1.0076
36.40	1.0006
36.48	1.0029
36.56	0.9969
36.64	0.9969
36.72	0.9959
36.80	0.9974
36.88	0.9981
36.96	0.9978
37.04	0.9976
37.12	0.9978
37.20	0.9983
37.28	0.9987
37.36	0.9991
37.44	0.9996
37.52	1.0000
37.60	1.0006
37.68	1.0008
37.76	1.0012
37.84	1.0019
37.92	1.0024
38.00	1.0029
38.08	1.0034
38.16	1.0039
38.24	1.0045
38.32	1.0051
38.40	1.0057
38.48	1.0062
38.56	1.0068
38.64	1.0074
38.72	1.0081
38.80	1.0086
38.88	1.0091
38.96	1.0096
39.04	1.0101
39.12	1.0105
39.20	1.0110
39.28	1.0114
39.36	1.0119
39.44	1.0124
39.52	1.0128
39.60	1.0132
39.68	1.0135
39.76	1.0139
39.84	1.0142
39.92	1.0145
40.00	1.0148
