0.00	0.0000
0.08	0.1417
0.16	0.2753
0.24	0.3834
0.32	0.4592
0.40	0.5134
0.48	0.5573
0.56	0.5957
0.64	0.6312
0.72	0.6640
0.80	0.6941
0.88	0.7220
0.96	0.7491
1.04	0.7750
1.12	0.7995
1.20	0.8233
1.28	0.8458
1.36	0.8670
1.44	0.8882
1.52	0.9079
1.60	0.9272
1.68	0.9457
1.76	0.9637
1.84	0.9815
1.92	0.9985
2.00	1.0152
2.08	1.0314
2.16	1.0475
2.24	1.0631
2.32	1.0790
2.40	1.0940
2.48	1.1088
2.56	1.1238
2.64	1.1383
2.72	1.1525
2.80	1.1670
2.88	1.1811
2.96	1.1947
3.04	1.2084
3.12	1.2219
3.20	1.2354
3.28	1.2487
3.36	1.2613
3.44	1.2744
3.52	1.2872
3.60	1.2996
3.68	1.3122
3.76	1.3250
3.84	1.3372
3.92	1.3493
4.00	1.3619
4.08	1.3742
4.16	1.3866
4.24	1.3987
4.32	1.4112
4.40	1.4232
4.48	1.4353
4.56	1.4474
4.64	1.4595
4.72	1.4717
4.80	1.4835
4.88	1.4952
4.96	1.5074
5.04	1.5190
5.12	1.5307
5.20	1.5424
5.28	1.5542
5.36	1.5650
5.44	1.5749
5.52	1.5751
5.60	1.5879
5.68	1.5993
5.76	1.6107
5.84	1.6222
5.92	1.6332
6.00	1.6439
6.08	1.6542
6.16	1.6647
6.24	1.6748
6.32	1.6861
6.40	1.6969
6.48	1.7075
6.56	1.7180
6.64	1.7195
6.72	1.7245
6.80	1.7330
6.88	1.7413
6.96	1.7443
7.04	1.7545
7.12	1.7619
7.20	1.7710
7.28	1.7804
7.36	1.7881
7.44	1.7905
7.52	1.8020
7.60	1.8071
7.68	1.8168
7.76	1.8251
7.84	1.8343
7.92	1.8334
8.00	1.8301
8.08	1.8364
8.16	1.8469
8.24	1.8538
8.32	1.8493
8.40	1.8552
8.48	1.8576
8.56	1.8601
8.64	1.8651
8.72	1.8627
8.80	1.8532
8.88	1.8594
8.96	1.8630
9.04	1.8644
9.12	1.8711
9.20	1.8707
9.28	1.8698
9.36	1.8754
9.44	1.8788
9.52	1.8829
9.60	1.8862
9.68	1.8898
9.76	1.8930
9.84	1.8960
9.92	1.8975
10.00	1.8801
10.08	1.8661
10.16	1.8471
10.24	1.8468
10.32	1.8480
10.40	1.8468
10.48	1.8407
10.56	1.8380
10.64	1.8288
10.72	1.8222
10.80	1.8201
10.88	1.8254
10.96	1.8269
11.04	1.8268
11.12	1.8187
11.20	1.8162
11.28	1.8089
11.36	1.8093
11.44	1.8108
11.52	1.8125
11.60	1.8124
11.68	1.8113
11.76	1.8007
11.84	1.8082
11.92	1.8087
12.00	1.8068
12.08	1.8036
12.16	1.8044
12.24	1.7953
12.32	1.7972
12.40	1.7917
12.48	1.7925
12.56	1.7923
12.64	1.7931
12.72	1.7936
12.80	1.7914
12.88	1.7835
12.96	1.7670
13.04	1.7576
13.12	1.7586
13.20	1.7484
13.28	1.7505
13.36	1.7437
13.44	1.7493
13.52	1.7421
13.60	1.7471
13.68	1.7400
13.76	1.7457
13.84	1.7398
13.92	1.7442
14.00	1.7376
14.08	1.7408
14.16	1.7276
14.24	1.7170
14.32	1.7119
14.40	1.7045
14.48	1.6853
14.56	1.6903
14.64	1.6742
14.72	1.6720
14.80	1.6699
14.88	1.6601
14.96	1.6477
15.04	1.6560
15.12	1.6524
15.20	1.6513
15.28	1.6504
15.36	1.6410
15.44	1.6308
15.52	1.6265
15.60	1.6245
15.68	1.6240
15.76	1.6211
15.84	1.6263
15.92	1.6263
16.00	1.6277
16.08	1.6275
16.16	1.6265
16.24	1.6166
16.32	1.6151
16.40	1.6129
16.48	1.6084
16.56	1.6047
16.64	1.5964
16.72	1.5809
16.80	1.5781
16.88	1.5741
16.96	1.5729
17.04	1.5722
17.12	1.5720
17.20	1.5720
17.28	1.5719
17.36	1.5723
17.44	1.5724
17.52	1.5724
17.60	1.5724
17.68	1.5712
17.76	1.5710
17.84	1.5707
17.92	1.5704
18.00	1.5700
18.08	1.5688
18.16	1.5640
18.24	1.5593
18.32	1.5525
18.40	1.5332
18.48	1.5246
18.56	1.5169
18.64	1.5066
18.72	1.4925
18.80	1.4926
18.88	1.4849
18.96	1.4837
19.04	1.4793
19.12	1.4781
19.20	1.4770
19.28	1.4757
19.36	1.4740
19.44	1.4656
19.52	1.4662
19.60	1.4600
19.68	1.4583
19.76	1.4542
19.84	1.4540
19.92	1.4512
20.00	1.4529
20.08	1.4510
20.16	1.4528
20.24	1.4516
20.32	1.4532
20.40	1.4514
20.48	1.4532
20.56	1.4519
20.64	1.4541
20.72	1.4531
20.80	1.4552
20.88	1.4541
20.96	1.4542
21.04	1.4552
21.12	1.4569
21.20	1.4561
21.28	1.4573
21.36	1.4535
21.44	1.4573
21.52	1.4560
21.60	1.4557
21.68	1.4555
21.76	1.4556
21.84	1.4560
21.92	1.4535
22.00	1.4366
22.08	1.4238
22.16	1.4110
22.24	1.4079
22.32	1.4051
22.40	1.3987
22.48	1.3894
22.56	1.3910
22.64	1.3900
22.72	1.3902
22.80	1.3904
22.88	1.3905
22.96	1.3898
23.04	1.3870
23.12	1.3807
23.20	1.3745
23.28	1.3608
23.36	1.3515
23.44	1.3471
23.52	1.3372
23.60	1.3353
23.68	1.3327
23.76	1.3314
23.84	1.3321
23.92	1.3329
24.00	1.3326
24.08	1.3326
24.16	1.3326
24.24	1.3322
24.32	1.3307
24.40	1.3307
24.48	1.3252
24.56	1.3149
24.64	1.3106
24.72	1.3075
24.80	1.3051
24.88	1.3028
24.96	1.2992
25.04	1.2993
25.12	1.2995
25.20	1.2999
25.28	1.3003
25.36	1.3007
25.44	1.3008
25.52	1.3004
25.60	1.2989
25.68	1.2932
25.76	1.2892
25.84	1.2905
25.92	1.2872
26.00	1.2874
26.08	1.2865
26.16	1.2867
26.24	1.2881
26.32	1.2885
26.40	1.2874
26.48	1.2878
26.56	1.2876
26.64	1.2875
26.72	1.2868
26.80	1.2856
26.88	1.2851
26.96	1.2848
27.04	1.2843
27.12	1.2836
27.20	1.2819
27.28	1.2798
27.36	1.2758
27.44	1.2552
27.52	1.2504
27.60	1.2465
27.68	1.2443
27.76	1.2453
27.84	1.2453
27.92	1.2446
28.00	1.2475
28.08	1.2495
28.16	1.2482
28.24	1.2440
28.32	1.2459
28.40	1.2475
28.48	1.2497
28.56	1.2515
28.64	1.2528
28.72	1.2537
28.80	1.2544
28.88	1.2551
28.96	1.2557
29.04	1.2562
29.12	1.2568
29.20	1.2572
29.28	1.2577
29.36	1.2579
29.44	1.2574
29.52	1.2554
29.60	1.2525
29.68	1.2519
29.76	1.2465
29.84	1.2404
29.92	1.2372
30.00	1.2357
30.08	1.2332
30.16	1.2297
30.24	1.2298
30.32	1.2297
30.40	1.2303
30.48	1.2308
30.56	1.2306
30.64	1.2297
30.72	1.2306
30.80	1.2314
30.88	1.2321
30.96	1.2321
31.04	1.2311
31.12	1.2328
31.20	1.2325
31.28	1.2311
31.36	1.2179
31.44	1.2095
31.52	1.2024
31.60	1.1978
31.68	1.1949
31.76	1.1954
31.84	1.1935
31.92	1.1926
32.00	1.1922
32.08	1.1916
32.16	1.1906
32.24	1.1889
32.32	1.1825
32.40	1.1831
32.48	1.1820
32.56	1.1799
32.64	1.1784
32.72	1.1776
32.80	1.1784
32.88	1.1770
32.96	1.1767
33.04	1.1763
33.12	1.1755
33.20	1.1688
33.28	1.1707
33.36	1.1667
33.44	1.1575
33.52	1.1550
33.60	1.1546
33.68	1.1507
33.76	1.1437
33.84	1.1451
33.92	1.1397
34.00	1.1388
34.08	1.1379
34.16	1.1391
34.24	1.1388
34.32	1.1386
34.40	1.1380
34.48	1.1379
34.56	1.1375
34.64	1.1374
34.72	1.1388
34.80	1.1387
34.88	1.1352
34.96	1.1384
35.04	1.1351
35.12	1.1365
35.20	1.1368
35.28	1.1369
35.36	1.1370
35.44	1.1369
35.52	1.1371
35.60	1.1375
35.68	1.1373
35.76	1.1374
35.84	1.1372
35.92	1.1371
36.00	1.1362
36.08	1.1348
36.16	1.1353
36.24	1.1358
36.32	1.1361
36.40	1.1361
36.48	1.1356
36.56	1.1343
36.64	1.1319
36.72	1.1310
36.80	1.1303
36.88	1.1283
36.96	1.1262
37.04	1.1282
37.12	1.1281
37.20	1.1279
37.28	1.1267
37.36	1.1248
37.44	1.1239
37.52	1.1225
37.60	1.1218
37.68	1.1217
37.76	1.1194
37.84	1.1170
37.92	1.1169
38.00	1.1179
38.08	1.1185
38.16	1.1185
38.24	1.1195
38.32	1.1200
38.40	1.1205
38.48	1.1208
38.56	1.1217
38.64	1.1214
38.72	1.1215
38.80	1.1217
38.88	1.1218
38.96	1.1215
39.04	1.1221
39.12	1.1217
39.20	1.1224
39.28	1.1229
39.36	1.1229
39.44	1.1235
39.52	1.1235
39.60	1.1236
39.68	1.1238
39.76	1.1235
39.84	1.1235
39.92	1.1237
40.00	1.1233
