0.00	0.0000
0.08	0.1414
0.16	0.2759
0.24	0.3802
0.32	0.4526
0.40	0.5057
0.48	0.5476
0.56	0.5886
0.64	0.6240
0.72	0.6568
0.80	0.6898
0.88	0.7205
0.96	0.7507
1.04	0.7792
1.12	0.8076
1.20	0.8342
1.28	0.8595
1.36	0.8843
1.44	0.9085
1.52	0.9313
1.60	0.9534
1.68	0.9740
1.76	0.9938
1.84	1.0118
1.92	1.0285
2.00	1.0443
2.08	1.0592
2.16	1.0740
2.24	1.0882
2.32	1.1010
2.40	1.1153
2.48	1.1283
2.56	1.1409
2.64	1.1539
2.72	1.1663
2.80	1.1783
2.88	1.1906
2.96	1.2030
3.04	1.2145
3.12	1.2268
3.20	1.2386
3.28	1.2501
3.36	1.2615
3.44	1.2731
3.52	1.2845
3.60	1.2960
3.68	1.3072
3.76	1.3186
3.84	1.3298
3.92	1.3412
4.00	1.3523
4.08	1.3635
4.16	1.3745
4.24	1.3854
4.32	1.3963
4.40	1.4069
4.48	1.4177
4.56	1.4285
4.64	1.4391
4.72	1.4498
4.80	1.4610
4.88	1.4714
4.96	1.4824
5.04	1.4935
5.12	1.5044
5.20	1.5156
5.28	1.5263
5.36	1.5372
5.44	1.5479
5.52	1.5590
5.60	1.5696
5.68	1.5804
5.76	1.5911
5.84	1.6018
5.92	1.6125
6.00	1.6233
6.08	1.6335
6.16	1.6441
6.24	1.6546
6.32	1.6648
6.40	1.6728
6.48	1.6822
6.56	1.6933
6.64	1.7034
6.72	1.7136
6.80	1.7238
6.88	1.7318
6.96	1.7082
7.04	1.7210
7.12	1.7197
7.20	1.7292
7.28	1.7388
7.36	1.7491
7.44	1.7580
7.52	1.7673
7.60	1.7763
7.68	1.7851
7.76	1.7937
7.84	1.8025
7.92	1.8110
8.00	1.8192
8.08	1.8266
8.16	1.8297
8.24	1.8228
8.32	1.7847
8.40	1.7972
8.48	1.8020
8.56	1.8096
8.64	1.8156
8.72	1.8218
8.80	1.8261
8.88	1.8200
8.96	1.7992
9.04	1.8114
9.12	1.8147
9.20	1.8193
9.28	1.8244
9.36	1.8290
9.44	1.8311
9.52	1.8240
9.60	1.8077
9.68	1.8069
9.76	1.8039
9.84	1.8012
9.92	1.7635
10.00	1.7830
10.08	1.7851
10.16	1.7889
10.24	1.7927
10.32	1.7961
10.40	1.7985
10.48	1.8006
10.56	1.8019
10.64	1.8053
10.72	1.8034
10.80	1.8040
10.88	1.8043
10.96	1.8065
11.04	1.8076
11.12	1.8098
11.20	1.8119
11.28	1.8125
11.36	1.8100
11.44	1.8133
11.52	1.8130
11.60	1.8124
11.68	1.8113
11.76	1.8070
11.84	1.8080
11.92	1.7997
12.00	1.7931
12.08	1.7940
12.16	1.7848
12.24	1.7761
12.32	1.7783
12.40	1.7776
12.48	1.7777
12.56	1.7784
12.64	1.7786
12.72	1.7789
12.80	1.7747
12.88	1.7330
12.96	1.7363
13.04	1.7372
13.12	1.7342
13.20	1.7217
13.28	1.6828
13.36	1.6571
13.44	1.6520
13.52	1.6401
13.60	1.6335
13.68	1.6279
13.76	1.6265
13.84	1.6271
13.92	1.6272
14.00	1.6283
14.08	1.6289
14.16	1.6292
14.24	1.6281
14.32	1.6227
14.40	1.6120
14.48	1.6056
14.56	1.5981
14.64	1.5938
14.72	1.5752
14.80	1.5530
14.88	1.5503
14.96	1.5406
15.04	1.5307
15.12	1.5241
15.20	1.5183
15.28	1.5121
15.36	1.5109
15.44	1.5101
15.52	1.5035
15.60	1.5045
15.68	1.5011
15.76	1.4824
15.84	1.4800
15.92	1.4755
16.00	1.4732
16.08	1.4676
16.16	1.4532
16.24	1.4513
16.32	1.4517
16.40	1.4524
16.48	1.4533
16.56	1.4542
16.64	1.4554
16.72	1.4566
16.80	1.4581
16.88	1.4595
16.96	1.4608
17.04	1.4622
17.12	1.4635
17.20	1.4648
17.28	1.4662
17.36	1.4672
17.44	1.4668
17.52	1.4597
17.60	1.4451
17.68	1.4425
17.76	1.4410
17.84	1.4412
17.92	1.4426
18.00	1.4436
18.08	1.4454
18.16	1.4464
18.24	1.4492
18.32	1.4508
18.40	1.4530
18.48	1.4557
18.56	1.4571
18.64	1.4590
18.72	1.4607
18.80	1.4625
18.88	1.4641
18.96	1.4640
19.04	1.4534
19.12	1.4525
19.20	1.4535
19.28	1.4547
19.36	1.4571
19.44	1.4588
19.52	1.4606
19.60	1.4623
19.68	1.4633
19.76	1.4601
19.84	1.4587
19.92	1.4587
20.00	1.4592
20.08	1.4573
20.16	1.4516
20.24	1.4467
20.32	1.4422
20.40	1.4385
20.48	1.4368
20.56	1.4350
20.64	1.4335
20.72	1.4308
20.80	1.4278
20.88	1.4258
20.96	1.4224
21.04	1.4196
21.12	1.4184
21.20	1.4151
21.28	1.4179
21.36	1.4177
21.44	1.4159
21.52	1.4163
21.60	1.4134
21.68	1.4099
21.76	1.4117
21.84	1.4105
21.92	1.4098
22.00	1.4043
22.08	1.3966
22.16	1.3973
22.24	1.3927
22.32	1.3914
22.40	1.3904
22.48	1.3902
22.56	1.3884
22.64	1.3878
22.72	1.3870
22.80	1.3860
22.88	1.3856
22.96	1.3849
23.04	1.3843
23.12	1.3842
23.20	1.3838
23.28	1.3830
23.36	1.3817
23.44	1.3795
23.52	1.3734
23.60	1.3618
23.68	1.3508
23.76	1.3451
23.84	1.3422
23.92	1.3423
24.00	1.3403
24.08	1.3429
24.16	1.3436
24.24	1.3442
24.32	1.3449
24.40	1.3458
24.48	1.3466
24.56	1.3472
24.64	1.3477
24.72	1.3481
24.80	1.3487
24.88	1.3491
24.96	1.3493
25.04	1.3494
25.12	1.3493
25.20	1.3492
25.28	1.3483
25.36	1.3488
25.44	1.3485
25.52	1.3482
25.60	1.3483
25.68	1.3475
25.76	1.3471
25.84	1.3465
25.92	1.3459
26.00	1.3464
26.08	1.3460
26.16	1.3461
26.24	1.3465
26.32	1.3471
26.40	1.3478
26.48	1.3490
26.56	1.3491
26.64	1.3503
26.72	1.3510
26.80	1.3510
26.88	1.3520
26.96	1.3527
27.04	1.3531
27.12	1.3537
27.20	1.3543
27.28	1.3550
27.36	1.3551
27.44	1.3549
27.52	1.3547
27.60	1.3539
27.68	1.3518
27.76	1.3507
27.84	1.3490
27.92	1.3449
28.00	1.3423
28.08	1.3400
28.16	1.3369
28.24	1.3336
28.32	1.3291
28.40	1.3155
28.48	1.3002
28.56	1.2938
28.64	1.2934
28.72	1.2873
28.80	1.2814
28.88	1.2798
28.96	1.2791
29.04	1.2783
29.12	1.2764
29.20	1.2745
29.28	1.2730
29.36	1.2711
29.44	1.2629
29.52	1.2674
29.60	1.2592
29.68	1.2617
29.76	1.2612
29.84	1.2604
29.92	1.2589
30.00	1.2593
30.08	1.2586
30.16	1.2583
30.24	1.2578
30.32	1.2570
30.40	1.2564
30.48	1.2538
30.56	1.2508
30.64	1.2491
30.72	1.2459
30.80	1.2454
30.88	1.2458
30.96	1.2455
31.04	1.2456
31.12	1.2405
31.20	1.2496
31.28	1.2382
31.36	1.2449
31.44	1.2348
31.52	1.2437
31.60	1.2337
31.68	1.2418
31.76	1.2364
31.84	1.2367
31.92	1.2356
32.00	1.2356
32.08	1.2375
32.16	1.2353
32.24	1.2344
32.32	1.2348
32.40	1.2333
32.48	1.2343
32.56	1.2336
32.64	1.2353
32.72	1.2362
32.80	1.2150
32.88	1.2320
32.96	1.2255
33.04	1.2293
33.12	1.2201
33.20	1.2218
33.28	1.2104
33.36	1.2142
33.44	1.2124
33.52	1.2105
33.60	1.2081
33.68	1.1938
33.76	1.2021
33.84	1.1878
33.92	1.1899
34.00	1.1806
34.08	1.1841
34.16	1.1787
34.24	1.1790
34.32	1.1733
34.40	1.1777
34.48	1.1692
34.56	1.1775
34.64	1.1698
34.72	1.1767
34.80	1.1734
34.88	1.1718
34.96	1.1753
35.04	1.1745
35.12	1.1743
35.20	1.1746
35.28	1.1755
35.36	1.1732
35.44	1.1753
35.52	1.1757
35.60	1.1756
35.68	1.1758
35.76	1.1758
35.84	1.1760
35.92	1.1761
36.00	1.1762
36.08	1.1763
36.16	1.1754
36.24	1.1736
36.32	1.1698
36.40	1.1629
36.48	1.1591
36.56	1.1523
36.64	1.1437
36.72	1.1271
36.80	1.1120
36.88	1.1026
36.96	1.0992
37.04	1.1013
37.12	1.0979
37.20	1.0978
37.28	1.0975
37.36	1.0973
37.44	1.0970
37.52	1.0956
37.60	1.0959
37.68	1.0952
37.76	1.0945
37.84	1.0939
37.92	1.0934
38.00	1.0933
38.08	1.0929
38.16	1.0924
38.24	1.0922
38.32	1.0911
38.40	1.0906
38.48	1.0898
38.56	1.0890
38.64	1.0883
38.72	1.0874
38.80	1.0863
38.88	1.0854
38.96	1.0846
39.04	1.0828
39.12	1.0827
39.20	1.0817
39.28	1.0806
39.36	1.0794
39.44	1.0784
39.52	1.0771
39.60	1.0758
39.68	1.0757
39.76	1.0726
39.84	1.0707
39.92	1.0689
40.00	1.0667
