0.00	0.0000
0.08	0.1324
0.16	0.2570
0.24	0.3546
0.32	0.4234
0.40	0.4730
0.48	0.5155
0.56	0.5534
0.64	0.5865
0.72	0.6178
0.80	0.6464
0.88	0.6725
0.96	0.6982
1.04	0.7218
1.12	0.7430
1.20	0.7635
1.28	0.7825
1.36	0.8015
1.44	0.8189
1.52	0.8362
1.60	0.8528
1.68	0.8688
1.76	0.8843
1.84	0.8994
1.92	0.9141
2.00	0.9283
2.08	0.9426
2.16	0.9564
2.24	0.9699
2.32	0.9833
2.40	0.9965
2.48	1.0095
2.56	1.0224
2.64	1.0349
2.72	1.0477
2.80	1.0600
2.88	1.0723
2.96	1.0843
3.04	1.0963
3.12	1.1081
3.20	1.1198
3.28	1.1316
3.36	1.1429
3.44	1.1541
3.52	1.1652
3.60	1.1762
3.68	1.1870
3.76	1.1975
3.84	1.2079
3.92	1.2185
4.00	1.2290
4.08	1.2391
4.16	1.2492
4.24	1.2591
4.32	1.2691
4.40	1.2789
4.48	1.2884
4.56	1.2979
4.64	1.3070
4.72	1.3162
4.80	1.3253
4.88	1.3345
4.96	1.3437
5.04	1.3526
5.12	1.3615
5.20	1.3704
5.28	1.3792
5.36	1.3880
5.44	1.3968
5.52	1.4058
5.60	1.4145
5.68	1.4233
5.76	1.4322
5.84	1.4409
5.92	1.4494
6.00	1.4581
6.08	1.4666
6.16	1.4761
6.24	1.4824
6.32	1.4926
6.40	1.5004
6.48	1.5085
6.56	1.5147
6.64	1.5113
6.72	1.5186
6.80	1.5225
6.88	1.5304
6.96	1.5366
7.04	1.5448
7.12	1.5523
7.20	1.5598
7.28	1.5674
7.36	1.5716
7.44	1.5567
7.52	1.5695
7.60	1.5758
7.68	1.5805
7.76	1.5783
7.84	1.5768
7.92	1.5839
8.00	1.5903
8.08	1.5965
8.16	1.6025
8.24	1.6061
8.32	1.6041
8.40	1.5947
8.48	1.5970
8.56	1.6023
8.64	1.6079
8.72	1.6130
8.80	1.6173
8.88	1.6163
8.96	1.6080
9.04	1.6185
9.12	1.6200
9.20	1.6236
9.28	1.6233
9.36	1.6113
9.44	1.6187
9.52	1.6218
9.60	1.6255
9.68	1.6265
9.76	1.6268
9.84	1.6181
9.92	1.6269
10.00	1.6297
10.08	1.6338
10.16	1.6373
10.24	1.6408
10.32	1.6446
10.40	1.6458
10.48	1.6495
10.56	1.6529
10.64	1.6555
10.72	1.6581
10.80	1.6594
10.88	1.6586
10.96	1.6506
11.04	1.6533
11.12	1.6524
11.20	1.6531
11.28	1.6499
11.36	1.6511
11.44	1.6525
11.52	1.6541
11.60	1.6545
11.68	1.6554
11.76	1.6555
11.84	1.6492
11.92	1.6496
12.00	1.6462
12.08	1.6454
12.16	1.6386
12.24	1.6206
12.32	1.6077
12.40	1.6018
12.48	1.5866
12.56	1.5853
12.64	1.5824
12.72	1.5830
12.80	1.5835
12.88	1.5845
12.96	1.5855
13.04	1.5863
13.12	1.5867
13.20	1.5862
13.28	1.5834
13.36	1.5843
13.44	1.5829
13.52	1.5820
13.60	1.5823
13.68	1.5801
13.76	1.5733
13.84	1.5712
13.92	1.5693
14.00	1.5659
14.08	1.5661
14.16	1.5664
14.24	1.5667
14.32	1.5672
14.40	1.5673
14.48	1.5675
14.56	1.5645
14.64	1.5613
14.72	1.5595
14.80	1.5597
14.88	1.5571
14.96	1.5373
15.04	1.5482
15.12	1.5329
15.20	1.5336
15.28	1.5285
15.36	1.5292
15.44	1.5296
15.52	1.5268
15.60	1.5182
15.68	1.5188
15.76	1.5178
15.84	1.5174
15.92	1.5174
16.00	1.5174
16.08	1.5170
16.16	1.5059
16.24	1.5031
16.32	1.5015
16.40	1.5021
16.48	1.5023
16.56	1.5022
16.64	1.5020
16.72	1.5021
16.80	1.5020
16.88	1.5017
16.96	1.5002
17.04	1.4962
17.12	1.4939
17.20	1.4922
17.28	1.4847
17.36	1.4835
17.44	1.4816
17.52	1.4816
17.60	1.4803
17.68	1.4793
17.76	1.4766
17.84	1.4738
17.92	1.4699
18.00	1.4625
18.08	1.4583
18.16	1.4550
18.24	1.4402
18.32	1.4402
18.40	1.4354
18.48	1.4374
18.56	1.4363
18.64	1.4349
18.72	1.4303
18.80	1.4282
18.88	1.4285
18.96	1.4284
19.04	1.4293
19.12	1.4297
19.20	1.4292
19.28	1.4254
19.36	1.4266
19.44	1.4270
19.52	1.4262
19.60	1.4159
19.68	1.4152
19.76	1.4100
19.84	1.3904
19.92	1.3943
20.00	1.3823
20.08	1.3778
20.16	1.3740
20.24	1.3663
20.32	1.3666
20.40	1.3652
20.48	1.3642
20.56	1.3637
20.64	1.3641
20.72	1.3633
20.80	1.3635
20.88	1.3630
20.96	1.3626
21.04	1.3598
21.12	1.3557
21.20	1.3556
21.28	1.3479
21.36	1.3481
21.44	1.3474
21.52	1.3471
21.60	1.3460
21.68	1.3378
21.76	1.3326
21.84	1.3328
21.92	1.3327
22.00	1.3326
22.08	1.3327
22.16	1.3325
22.24	1.3275
22.32	1.3257
22.40	1.3211
22.48	1.3206
22.56	1.3201
22.64	1.3206
22.72	1.3208
22.80	1.3222
22.88	1.3222
22.96	1.3227
23.04	1.3233
23.12	1.3241
23.20	1.3248
23.28	1.3255
23.36	1.3264
23.44	1.3270
23.52	1.3279
23.60	1.3287
23.68	1.3292
23.76	1.3230
23.84	1.3176
23.92	1.3161
24.00	1.3098
24.08	1.3100
24.16	1.3027
24.24	1.2965
24.32	1.2825
24.40	1.2883
24.48	1.2869
24.56	1.2834
24.64	1.2823
24.72	1.2780
24.80	1.2761
24.88	1.2728
24.96	1.2703
25.04	1.2695
25.12	1.2693
25.20	1.2704
25.28	1.2712
25.36	1.2720
25.44	1.2735
25.52	1.2747
25.60	1.2756
25.68	1.2763
25.76	1.2773
25.84	1.2778
25.92	1.2777
26.00	1.2774
26.08	1.2773
26.16	1.2759
26.24	1.2719
26.32	1.2711
26.40	1.2706
26.48	1.2704
26.56	1.2702
26.64	1.2699
26.72	1.2695
26.80	1.2694
26.88	1.2687
26.96	1.2684
27.04	1.2681
27.12	1.2676
27.20	1.2669
27.28	1.2666
27.36	1.2658
27.44	1.2615
27.52	1.2470
27.60	1.2449
27.68	1.2339
27.76	1.2142
27.84	1.2108
27.92	1.2067
28.00	1.2046
28.08	1.2021
28.16	1.2000
28.24	1.1981
28.32	1.1970
28.40	1.1953
28.48	1.1935
28.56	1.1921
28.64	1.1906
28.72	1.1890
28.80	1.1880
28.88	1.1877
28.96	1.1868
29.04	1.1840
29.12	1.1794
29.20	1.1775
29.28	1.1760
29.36	1.1757
29.44	1.1756
29.52	1.1755
29.60	1.1750
29.68	1.1739
29.76	1.1678
29.84	1.1589
29.92	1.1565
30.00	1.1528
30.08	1.1494
30.16	1.1452
30.24	1.1313
30.32	1.1251
30.40	1.1226
30.48	1.1179
30.56	1.1145
30.64	1.1095
30.72	1.1085
30.80	1.1069
30.88	1.1014
30.96	1.1016
31.04	1.1007
31.12	1.0984
31.20	1.0977
31.28	1.0961
31.36	1.0966
31.44	1.0971
31.52	1.0972
31.60	1.0975
31.68	1.0981
31.76	1.0985
31.84	1.0989
31.92	1.0995
32.00	1.0998
32.08	1.1001
32.16	1.1001
32.24	1.0996
32.32	1.0976
32.40	1.0975
32.48	1.0976
32.56	1.0898
32.64	1.0836
32.72	1.0831
32.80	1.0811
32.88	1.0823
32.96	1.0838
33.04	1.0852
33.12	1.0857
33.20	1.0867
33.28	1.0874
33.36	1.0884
33.44	1.0889
33.52	1.0884
33.60	1.0848
33.68	1.0826
33.76	1.0819
33.84	1.0803
33.92	1.0819
34.00	1.0811
34.08	1.0822
34.16	1.0828
34.24	1.0833
34.32	1.0837
34.40	1.0842
34.48	1.0847
34.56	1.0852
34.64	1.0854
34.72	1.0856
34.80	1.0854
34.88	1.0881
34.96	1.0898
35.04	1.0829
35.12	1.0868
35.20	1.0869
35.28	1.0871
35.36	1.0874
35.44	1.0878
35.52	1.0881
35.60	1.0883
35.68	1.0886
35.76	1.0889
35.84	1.0891
35.92	1.0893
36.00	1.0895
36.08	1.0897
36.16	1.0897
36.24	1.0897
36.32	1.0898
36.40	1.0897
36.48	1.0897
36.56	1.0899
36.64	1.0900
36.72	1.0901
36.80	1.0904
36.88	1.0906
36.96	1.0907
37.04	1.0909
37.12	1.0909
37.20	1.0909
37.28	1.0908
37.36	1.0902
37.44	1.0891
37.52	1.0885
37.60	1.0882
37.68	1.0888
37.76	1.0891
37.84	1.0895
37.92	1.0896
38.00	1.0898
38.08	1.0901
38.16	1.0903
38.24	1.0907
38.32	1.0909
38.40	1.0911
38.48	1.0893
38.56	1.0911
38.64	1.0841
38.72	1.0819
38.80	1.0800
38.88	1.0765
38.96	1.0767
39.04	1.0744
39.12	1.0724
39.20	1.0711
39.28	1.0677
39.36	1.0697
39.44	1.0695
39.52	1.0696
39.60	1.0704
39.68	1.0704
39.76	1.0705
39.84	1.0708
39.92	1.0645
40.00	1.0751
