0.02	0.0000
0.10	0.0126
0.18	0.0252
0.26	0.0378
0.34	0.0503
0.42	0.0629
0.50	0.0755
0.58	0.0881
0.66	0.1006
0.74	0.1132
0.82	0.1257
0.90	0.1381
0.98	0.1502
1.06	0.1616
1.14	0.1725
1.22	0.1825
1.30	0.1915
1.38	0.1999
1.46	0.2072
1.54	0.2141
1.62	0.2210
1.70	0.2273
1.78	0.2332
1.86	0.2389
1.94	0.2445
2.02	0.2498
2.10	0.2549
2.18	0.2598
2.26	0.2647
2.34	0.2691
2.42	0.2737
2.50	0.2781
2.58	0.2824
2.66	0.2866
2.74	0.2905
2.82	0.2947
2.90	0.2986
2.98	0.3027
3.06	0.3063
3.14	0.3101
3.22	0.3137
3.30	0.3175
3.38	0.3210
3.46	0.3244
3.54	0.3280
3.62	0.3313
3.70	0.3345
3.78	0.3379
3.86	0.3410
3.94	0.3445
4.02	0.3478
4.10	0.3506
4.18	0.3537
4.26	0.3566
4.34	0.3596
4.42	0.3625
4.50	0.3654
4.58	0.3681
4.66	0.3710
4.74	0.3737
4.82	0.3763
4.90	0.3789
4.98	0.3813
5.06	0.3840
5.14	0.3864
5.22	0.3885
5.30	0.3911
5.38	0.3934
5.46	0.3956
5.54	0.3977
5.62	0.3999
5.70	0.4020
5.78	0.4041
5.86	0.4062
5.94	0.4082
6.02	0.4101
6.10	0.4122
6.18	0.4142
6.26	0.4162
6.34	0.4182
6.42	0.4201
6.50	0.4218
6.58	0.4239
6.66	0.4253
6.74	0.4277
6.82	0.4297
6.90	0.4316
6.98	0.4335
7.06	0.4352
7.14	0.4369
7.22	0.4388
7.30	0.4408
7.38	0.4425
7.46	0.4443
7.54	0.4461
7.62	0.4478
7.70	0.4496
7.78	0.4514
7.86	0.4531
7.94	0.4549
8.02	0.4566
8.10	0.4584
8.18	0.4601
8.26	0.4618
8.34	0.4636
8.42	0.4652
8.50	0.4669
8.58	0.4686
8.66	0.4703
8.74	0.4719
8.82	0.4736
8.90	0.4753
8.98	0.4769
9.06	0.4786
9.14	0.4802
9.22	0.4818
9.30	0.4834
9.38	0.4850
9.46	0.4866
9.54	0.4883
9.62	0.4898
9.70	0.4914
9.78	0.4930
9.86	0.4946
9.94	0.4961
10.02	0.4976
10.10	0.4992
10.18	0.5008
10.26	0.5023
10.34	0.5038
10.42	0.5053
10.50	0.5068
10.58	0.5084
10.66	0.5098
10.74	0.5113
10.82	0.5128
10.90	0.5143
10.98	0.5158
11.06	0.5172
11.14	0.5188
11.22	0.5202
11.30	0.5216
11.38	0.5230
11.46	0.5245
11.54	0.5259
11.62	0.5273
11.70	0.5286
11.78	0.5299
11.86	0.5310
11.94	0.5322
12.02	0.5328
12.10	0.5341
12.18	0.5353
12.26	0.5362
12.34	0.5373
12.42	0.5382
12.50	0.5392
12.58	0.5400
12.66	0.5406
12.74	0.5417
12.82	0.5430
12.90	0.5435
12.98	0.5452
13.06	0.5467
13.14	0.5479
13.22	0.5482
13.30	0.5498
13.38	0.5511
13.46	0.5516
13.54	0.5532
13.62	0.5544
13.70	0.5554
13.78	0.5563
13.86	0.5569
13.94	0.5580
14.02	0.5585
14.10	0.5594
14.18	0.5593
14.26	0.5593
14.34	0.5600
14.42	0.5608
14.50	0.5601
14.58	0.5614
14.66	0.5619
14.74	0.5608
14.82	0.5580
14.90	0.5597
14.98	0.5604
15.06	0.5612
15.14	0.5620
15.22	0.5620
15.30	0.5582
15.38	0.5597
15.46	0.5609
15.54	0.5609
15.62	0.5614
15.70	0.5608
15.78	0.5618
15.86	0.5624
15.94	0.5629
16.02	0.5631
16.10	0.5633
16.18	0.5642
16.26	0.5646
16.34	0.5659
16.42	0.5668
16.50	0.5674
16.58	0.5682
16.66	0.5685
16.74	0.5690
16.82	0.5694
16.90	0.5696
16.98	0.5690
17.06	0.5698
17.14	0.5704
17.22	0.5703
17.30	0.5704
17.38	0.5703
17.46	0.5702
17.54	0.5705
17.62	0.5704
17.70	0.5707
17.78	0.5708
17.86	0.5715
17.94	0.5717
18.02	0.5711
18.10	0.5711
18.18	0.5706
18.26	0.5704
18.34	0.5703
18.42	0.5706
18.50	0.5706
18.58	0.5673
18.66	0.5643
18.74	0.5630
18.82	0.5632
18.90	0.5623
18.98	0.5613
19.06	0.5617
19.14	0.5616
19.22	0.5576
19.30	0.5501
19.38	0.5545
19.46	0.5552
19.54	0.5553
19.62	0.5536
19.70	0.5497
19.78	0.5483
19.86	0.5462
19.94	0.5467
20.02	0.5469
20.10	0.5457
20.18	0.5457
20.26	0.5461
20.34	0.5458
20.42	0.5461
20.50	0.5463
20.58	0.5451
20.66	0.5442
20.74	0.5432
20.82	0.5435
20.90	0.5437
20.98	0.5433
21.06	0.5431
21.14	0.5429
21.22	0.5428
21.30	0.5429
21.38	0.5430
21.46	0.5432
21.54	0.5430
21.62	0.5429
21.70	0.5434
21.78	0.5430
21.86	0.5436
21.94	0.5437
22.02	0.5435
22.10	0.5435
22.18	0.5426
22.26	0.5421
22.34	0.5417
22.42	0.5416
22.50	0.5362
22.58	0.5306
22.66	0.5304
22.74	0.5282
22.82	0.5239
22.90	0.5213
22.98	0.5192
23.06	0.5176
23.14	0.5174
23.22	0.5171
23.30	0.5167
23.38	0.5161
23.46	0.5108
23.54	0.5064
23.62	0.5047
23.70	0.5047
23.78	0.5036
23.86	0.4985
23.94	0.4976
24.02	0.4956
24.10	0.4945
24.18	0.4938
24.26	0.4936
24.34	0.4932
24.42	0.4880
24.50	0.4894
24.58	0.4893
24.66	0.4892
24.74	0.4893
24.82	0.4896
24.90	0.4896
24.98	0.4897
25.06	0.4897
25.14	0.4897
25.22	0.4897
25.30	0.4897
25.38	0.4897
25.46	0.4894
25.54	0.4869
25.62	0.4871
25.70	0.4870
25.78	0.4874
25.86	0.4874
25.94	0.4879
26.02	0.4884
26.10	0.4886
26.18	0.4887
26.26	0.4892
26.34	0.4886
26.42	0.4878
26.50	0.4887
26.58	0.4892
26.66	0.4895
26.74	0.4894
26.82	0.4891
26.90	0.4880
26.98	0.4880
27.06	0.4866
27.14	0.4867
27.22	0.4869
27.30	0.4871
27.38	0.4871
27.46	0.4873
27.54	0.4868
27.62	0.4859
27.70	0.4855
27.78	0.4848
27.86	0.4840
27.94	0.4832
28.02	0.4841
28.10	0.4841
28.18	0.4842
28.26	0.4841
28.34	0.4838
28.42	0.4829
28.50	0.4821
28.58	0.4767
28.66	0.4737
28.74	0.4731
28.82	0.4727
28.90	0.4721
28.98	0.4709
29.06	0.4707
29.14	0.4703
29.22	0.4694
29.30	0.4689
29.38	0.4638
29.46	0.4600
29.54	0.4594
29.62	0.4591
29.70	0.4589
29.78	0.4590
29.86	0.4584
29.94	0.4589
30.02	0.4589
30.10	0.4586
30.18	0.4585
30.26	0.4581
30.34	0.4565
30.42	0.4507
30.50	0.4475
30.58	0.4471
30.66	0.4470
30.74	0.4469
30.82	0.4461
30.90	0.4456
30.98	0.4451
31.06	0.4448
31.14	0.4452
31.22	0.4455
31.30	0.4461
31.38	0.4462
31.46	0.4464
31.54	0.4466
31.62	0.4467
31.70	0.4465
31.78	0.4464
31.86	0.4463
31.94	0.4457
32.02	0.4442
32.10	0.4397
32.18	0.4384
32.26	0.4352
32.34	0.4360
32.42	0.4362
32.50	0.4353
32.58	0.4362
32.66	0.4360
32.74	0.4359
32.82	0.4351
32.90	0.4312
32.98	0.4269
33.06	0.4254
33.14	0.4248
33.22	0.4243
33.30	0.4246
33.38	0.4241
33.46	0.4237
33.54	0.4232
33.62	0.4234
33.70	0.4234
33.78	0.4227
33.86	0.4219
33.94	0.4210
34.02	0.4206
34.10	0.4200
34.18	0.4198
34.26	0.4200
34.34	0.4192
34.42	0.4193
34.50	0.4183
34.58	0.4167
34.66	0.4154
34.74	0.4163
34.82	0.4145
34.90	0.4147
34.98	0.4147
35.06	0.4147
35.14	0.4135
35.22	0.4145
35.30	0.4132
35.38	0.4132
35.46	0.4128
35.54	0.4127
35.62	0.4126
35.70	0.4123
35.78	0.4126
35.86	0.4130
35.94	0.4129
36.02	0.4133
36.10	0.4135
36.18	0.4136
36.26	0.4136
36.34	0.4137
36.42	0.4138
36.50	0.4138
36.58	0.4139
36.66	0.4140
36.74	0.4142
36.82	0.4142
36.90	0.4143
36.98	0.4143
37.06	0.4143
37.14	0.4143
37.22	0.4143
37.30	0.4143
37.38	0.4143
37.46	0.4143
37.54	0.4143
37.62	0.4143
37.70	0.4143
37.78	0.4143
37.86	0.4144
37.94	0.4141
38.02	0.4098
38.10	0.4138
38.18	0.4129
38.26	0.4129
38.34	0.4130
38.42	0.4131
38.50	0.4132
38.58	0.4133
38.66	0.4135
38.74	0.4136
38.82	0.4136
38.90	0.4138
38.98	0.4139
39.06	0.4139
39.14	0.4140
39.22	0.4141
39.30	0.4139
39.38	0.4096
39.46	0.4127
39.54	0.4126
39.62	0.4127
39.70	0.4128
39.78	0.4129
39.86	0.4130
39.94	0.4131
40.02	0.4132
