0.016	0.024105267
0.096	0.144611749
0.176	0.25975462
0.256	0.35247457
0.336	0.422690874
0.416	0.47935743
0.496	0.527642798
0.576	0.57240246
0.656	0.612013196
0.736	0.65044797
0.816	0.686159921
0.896	0.718696337
0.976	0.751591651
1.056	0.7825343
1.136	0.811546101
1.216	0.839612115
1.296	0.866526165
1.376	0.892495518
1.456	0.917343452
1.536	0.94083543
1.616	0.96458049
1.696	0.987145225
1.776	1.008998709
1.856	1.030568566
1.936	1.051513352
2.016	1.071401082
2.096	1.09033975
2.176	1.108371902
2.256	1.12565135
2.336	1.142952616
2.416	1.159915711
2.496	1.176344278
2.576	1.192871023
2.656	1.208666883
2.736	1.224604556
2.816	1.240367689
2.88343	1.253360002
2.96343	1.268861326
3.04006	1.282922695
3.12006	1.29850038
3.20006	1.313521718
3.28006	1.328652145
3.36006	1.343302586
3.44006	1.357920301
3.52006	1.372439838
3.60006	1.386893922
3.68006	1.40105347
3.76006	1.415300289
3.84006	1.429230753
3.92006	1.443292122
4.00006	1.457135317
4.08006	1.470411257
4.15954	1.483785376
4.23954	1.497148586
4.31954	1.510260894
4.39954	1.52383137
4.47954	1.536878227
4.55954	1.550186893
4.63954	1.563451924
4.71954	1.576455146
4.79954	1.589436549
4.87954	1.602308866
4.95954	1.615181183
5.03954	1.627704419
5.11954	1.64019493
5.19954	1.652827254
5.27954	1.665241403
5.35954	1.677437378
5.43954	1.689611535
5.51954	1.701676604
5.59954	1.713578042
5.67618	1.724901317
5.75618	1.73719547
5.83618	1.748344205
5.91618	1.759951108
5.99618	1.771634371
6.07618	1.782848559
6.15618	1.793997294
6.23618	1.796571757
6.31618	1.813840297
6.39618	1.824781766
6.47618	1.835483243
6.55618	1.846337442
6.63618	1.856722565
6.71618	1.867271319
6.79618	1.877383723
6.87618	1.88652525
6.95618	1.89676856
7.03618	1.907055504
7.11618	1.916873372
7.19618	1.926451249
7.27618	1.935756406
7.35618	1.944897933
7.43618	1.953843102
7.51618	1.962810089
7.59618	1.971962523
7.67618	1.980034994
7.75618	1.988325638
7.83618	1.996419926
7.91618	2.003783327
7.99618	2.012826674
8.07618	2.018521038
8.15618	2.027400755
8.23618	2.034425985
8.31618	2.04114577
8.39618	2.04618561
8.47618	2.050920004
8.55618	2.054999873
8.63618	2.056876178
8.71618	2.062057831
8.79618	2.068712163
8.84502	2.072988391
8.86187	2.072802942
8.93322	2.076860995
9.01134	2.082729898
9.09134	2.088031547
9.17134	2.093322288
9.25134	2.097805781
9.33134	2.098994834
9.41134	2.10327106
9.49083	2.081529937
9.53365	2.093289561
9.60018	2.088544258
9.68018	2.094576793
9.76018	2.093573189
9.84018	2.099234826
9.91509	2.100805685
9.99509	2.102801985
10.0751	2.103521962
10.1551	2.104951007
10.2351	2.106881854
10.3151	2.108419988
10.3831	2.109347231
10.4631	2.109794489
10.5164	2.11013266
10.5816	2.107972729
10.6616	2.106292783
10.7389	2.102845619
10.8189	2.097849415
10.8989	2.096224013
10.9759	2.097216708
11.048	2.098743933
11.128	2.096300374
11.205	2.095624032
11.2844	2.093595006
11.3634	2.088086091
11.4065	2.089024243
11.433	2.081628115
11.4603	2.084998916
11.5148	2.089242417
11.5948	2.088053364
11.6748	2.085009826
11.7548	2.081093587
11.8257	2.078660937
11.9057	2.074275622
11.9857	2.071897516
12.0657	2.070053939
12.1457	2.065559537
12.2257	2.054956239
12.3057	2.024368124
12.3857	1.986809322
12.4523	1.989372878
12.5053	1.965362735
12.577	1.942028934
12.657	1.942770729
12.737	1.944603397
12.7942	1.941516222
12.838	1.931240187
12.8748	1.907851843
12.9548	1.881125422
13.0348	1.852140893
13.0984	1.82595991
13.1784	1.81502935
13.2584	1.806913246
13.3384	1.802167943
13.4012	1.785783011
13.4724	1.790419227
13.5524	1.777972351
13.6324	1.770008968
13.7124	1.763998251
13.7924	1.763812803
13.8724	1.761445606
13.9524	1.756689394
14.0324	1.751573194
14.1124	1.74465705
14.1924	1.732646524
14.2724	1.709639986
14.3476	1.68253176
14.4156	1.66639773
14.4824	1.643009386
14.5576	1.62101736
14.6342	1.59931987
14.6981	1.587156622
14.7698	1.587134805
14.8051	1.577404206
14.8683	1.561804704
14.9483	1.542408959
15.0223	1.529776635
15.0967	1.513915323
15.1767	1.516380699
15.2567	1.500072129
15.3367	1.489523374
15.4167	1.479050982
15.4927	1.472571188
15.5695	1.475342009
15.6495	1.474774754
15.7281	1.472276652
15.8081	1.463516932
15.8603	1.448441049
15.9359	1.444001191
16.0159	1.438492276
16.0959	1.434510585
16.1759	1.427059913
16.2549	1.418572911
16.3349	1.409573199
16.4149	1.398588095
16.4949	1.394420955
16.5749	1.389053853
16.6549	1.387875709
16.7349	1.381232285
16.8149	1.374196146
16.8949	1.370094458
16.969	1.364160102
17.049	1.354593135
17.128	1.34595341
17.2006	1.343531669
17.2739	1.334761041
17.3539	1.336179178
17.4339	1.333059277
17.5139	1.330124824
17.5939	1.324779541
17.6702	1.315267117
17.7487	1.304925629
17.8011	1.299023999
17.8811	1.289980651
17.9611	1.284820816
18.0351	1.290286096
18.0992	1.289075226
18.1792	1.287809811
18.2592	1.283653581
18.3392	1.277370145
18.4192	1.264334197
18.4992	1.257647138
18.5792	1.250480094
18.6592	1.239353177
18.7363	1.237171428
18.8163	1.229044414
18.8963	1.226349955
18.9763	1.217230246
19.0563	1.201947097
19.1358	1.184416748
19.1733	1.170693549
19.2447	1.163199243
19.3247	1.150414196
19.3973	1.147545197
19.4773	1.145461627
19.5573	1.139952712
19.6373	1.131923878
19.7125	1.125858616
19.7925	1.122542358
19.8555	1.114873512
19.9355	1.115582581
20.003	1.102033922
20.0825	1.101979379
20.1625	1.098314041
20.2425	1.090473928
20.3225	1.0802088
20.4025	1.072742857
20.4825	1.064058406
20.5625	1.049721046
20.6425	1.042696906
20.7225	1.034983335
20.802	1.028829712
20.882	1.025814536
20.962	1.026138526
21.042	1.020789969
21.122	1.020663428
21.202	1.018883121
21.282	1.012011704
21.362	1.007958015
21.442	1.009043435
21.522	1.010211761
21.5994	1.004036322
21.6794	1.008252551
21.754	1.006276978
21.796	1.00654206
21.869	1.002528734
21.9157	1.005305009
21.9499	1.001681124
22.0158	1.003769058
22.0958	1.001040781
22.1758	1.003141805
22.2558	0.99942956
22.3358	0.995794767
22.4158	0.996393657
22.4958	0.997405988
22.5758	0.993021764
22.6558	0.994134456
22.7358	0.991421452
22.8158	0.992643231
22.8921	0.990559661
22.9721	0.990365486
23.0521	0.987268494
23.1321	0.986348887
23.2087	0.980808336
23.2882	0.975973581
23.3682	0.96893526
23.4482	0.966686969
23.5282	0.96416814
23.6082	0.958834856
23.6882	0.949252616
23.7682	0.946606155
23.8482	0.94145941
23.9282	0.942619009
24.0082	0.935484692
24.0882	0.940505986
24.1682	0.939753283
24.2482	0.933480756
24.3282	0.938245694
24.4082	0.935783591
24.4882	0.930952109
24.5628	0.934245458
24.6364	0.932841503
24.7164	0.927246409
24.7964	0.925159567
24.8764	0.92400324
24.9564	0.922160753
25.0364	0.918476871
25.1164	0.912420337
25.1964	0.913164313
25.2764	0.909209894
25.3564	0.910575668
25.4364	0.907900845
25.5164	0.9081452
25.5964	0.906196899
25.6764	0.904983847
25.7564	0.902843551
25.8364	0.897885528
25.9137	0.896361576
25.9932	0.894315096
26.0732	0.89300932
26.1532	0.890231954
26.2332	0.887812395
26.3132	0.885591375
26.3932	0.883704162
26.4732	0.882264208
26.5532	0.881741679
26.6332	0.880300634
26.7132	0.879787924
26.7932	0.879146489
26.8732	0.878738503
26.9532	0.877906165
27.0332	0.877205824
27.1132	0.876444394
27.1932	0.875758234
27.2732	0.876069133
27.3532	0.874982622
27.4332	0.874495002
27.5132	0.874189557
27.5932	0.87383175
27.6732	0.873506669
27.7532	0.873055048
27.8332	0.872825964
27.9132	0.872280527
27.9932	0.871978355
28.0732	0.871262741
28.1532	0.870588581
28.2332	0.869085356
28.3132	0.866810883
28.3932	0.867839578
28.4732	0.866489075
28.5532	0.865532378
28.6332	0.864539683
28.7132	0.863108456
28.7932	0.86211576
28.8732	0.861601958
28.9532	0.86103034
29.0332	0.86006928
29.1132	0.859799834
29.1932	0.859798743
29.2732	0.859505298
29.3532	0.859323122
29.4332	0.858473331
29.5132	0.858816956
29.5932	0.858206067
29.6732	0.857889713
29.7532	0.85707483
29.8332	0.856698479
29.9132	0.85608868
29.9932	0.855237798
30.0732	0.853707301
30.1532	0.85379348
30.2332	0.853201136
30.3132	0.852879328
30.3932	0.852583701
30.4732	0.852206258
30.5532	0.851585551
30.6332	0.851794999
30.7132	0.851675003
30.7932	0.851654276
30.8732	0.851540825
30.9532	0.851332468
31.0332	0.851759
31.1132	0.850912481
31.1932	0.850864483
31.2732	0.850259048
31.3532	0.849606705
31.4332	0.848629282
31.5132	0.846210813
31.5932	0.8446465
31.6732	0.843825071
31.7532	0.842879283
31.8332	0.842010947
31.9132	0.841150248
31.9932	0.840233913
32.0732	0.839664477
32.1532	0.839057951
32.2332	0.838504877
32.3132	0.837801263
32.3932	0.83728528
32.4732	0.836956927
32.5532	0.836267494
32.6332	0.835653332
32.7132	0.834983535
32.7932	0.833508673
32.8732	0.833423585
32.9532	0.832825786
33.0332	0.832553067
33.1132	0.832999235
33.1932	0.832122172
33.2732	0.831878907
33.3532	0.831676004
33.4332	0.831202565
33.5122	0.830486951
33.5922	0.828221206
33.6722	0.827305962
33.7522	0.825998004
33.8322	0.825165667
33.9122	0.824693318
33.9922	0.823869708
34.0722	0.820144372
34.0783	0.816278314
34.0854	0.813547856
34.1295	0.812287896
34.2095	0.813260956
34.2895	0.812705701
34.3695	0.811927907
34.4495	0.811888636
34.5295	0.811036663
34.6095	0.810098511
34.6895	0.808577832
34.7695	0.808028032
34.8495	0.806733164
34.9295	0.803612173
35.0095	0.801589692
35.0895	0.802780927
35.1695	0.801540602
35.2495	0.800510817
35.3295	0.799207222
35.4095	0.79635895
35.4895	0.792874697
35.5695	0.790568589
35.6495	0.788755556
35.7295	0.787407235
35.8095	0.787732316
35.8895	0.786774528
35.9695	0.784698594
36.0495	0.785729471
36.1295	0.784462966
36.2095	0.783009921
36.2895	0.781184888
36.3695	0.780240191
36.4495	0.778818782
36.5295	0.776878117
36.6095	0.772655342
36.6895	0.77181646
36.7695	0.770314326
36.8495	0.768500202
36.9295	0.768745649
37.0095	0.766761349
37.0895	0.765805743
37.1695	0.764738868
37.2495	0.763230189
37.3295	0.761066985
37.4095	0.759418674
37.4895	0.758388889
37.5695	0.756702397
37.6495	0.754429015
37.7295	0.754601373
37.8095	0.754170478
37.8895	0.753429774
37.9695	0.753109057
38.0495	0.753203963
38.1295	0.752757796
38.2095	0.752109816
38.2895	0.751769464
38.3695	0.752104362
38.4495	0.751814189
38.5295	0.751812008
38.5947	0.75154038
38.6726	0.751717102
38.7526	0.751594924
38.8326	0.75151529
38.9126	0.751254571
38.9926	0.750942581
39.0726	0.7503306
39.1526	0.748322301
39.2326	0.748610292
39.3126	0.749238635
39.3926	0.749934613
39.4726	0.750699316
39.5526	0.750591319
39.6326	0.75048005
39.7126	0.750062245
39.7926	0.748872101
39.8726	0.748595019
39.9526	0.746152552