0.00510516	-0.014365832
0.0851052	0.079767891
0.165105	0.173560279
0.245105	0.261317842
0.325105	0.330195644
0.405105	0.381252924
0.485105	0.421089471
0.565105	0.451642678
0.645105	0.48135373
0.725105	0.50920375
0.805105	0.532223379
0.885105	0.555236463
0.965105	0.576427786
1.04511	0.596786773
1.12511	0.616615595
1.20511	0.635801892
1.28511	0.654312937
1.36511	0.672230547
1.44511	0.689770715
1.52511	0.707670871
1.60511	0.723214738
1.68511	0.738769515
1.76511	0.754948271
1.84511	0.769802706
1.92511	0.78418152
2.00511	0.798041078
2.0851	0.811204658
2.16511	0.823985341
2.24511	0.836363491
2.3251	0.847818762
2.40511	0.859010041
2.48511	0.86931444
2.5651	0.879329756
2.6451	0.889305802
2.72511	0.898373149
2.8051	0.907610672
2.8851	0.916343121
2.96511	0.924915211
3.0451	0.933890924
3.1251	0.942512104
3.20511	0.950864928
3.2851	0.95930175
3.3651	0.967592394
3.4451	0.975704135
3.5251	0.983737334
3.6051	0.991987616
3.6851	0.999688097
3.76511	1.008009286
3.8451	1.015774129
3.9251	1.023456066
4.00511	1.031187092
4.0851	1.038905028
4.1651	1.046619691
4.2451	1.054100906
4.3251	1.061722845
4.4051	1.06927824
4.48511	1.076593643
4.5651	1.083961408
4.6451	1.091397898
4.7251	1.098739482
4.8051	1.105808347
4.8851	1.112931756
4.96511	1.120393336
5.0451	1.127756738
5.1251	1.135174683
5.2051	1.142548993
5.2851	1.149846942
5.3651	1.156915807
5.4451	1.164464657
5.5251	1.17172988
5.6051	1.178973285
5.6851	1.186140329
5.7651	1.193285555
5.8451	1.200419873
5.9251	1.207706913
6.0051	1.214884866
6.0851	1.222030093
6.1651	1.228804421
6.2451	1.236233276
6.3251	1.243193054
6.4051	1.250272828
6.4851	1.257210788
6.5651	1.264072388
6.6451	1.27090126
6.7251	1.27785013
6.8051	1.28487536
6.8851	1.291704233
6.9651	1.298391292
7.0451	1.30517653
7.1251	1.311874498
7.2051	1.318747006
7.2851	1.325335887
7.3651	1.33155387
7.4451	1.338524557
7.5251	1.345058894
7.6051	1.351789588
7.6851	1.358116659
7.7651	1.364749174
7.8451	1.371119881
7.9241	1.377283319
8.0041	1.383664935
8.0841	1.389795648
8.1641	1.396188171
8.2441	1.402395246
8.3241	1.408569594
8.4041	1.414656672
8.4841	1.420656482
8.56411	1.42665629
8.6441	1.432579737
8.7241	1.438274101
8.8041	1.444175731
8.8841	1.449586467
8.9641	1.455357192
9.0441	1.460942468
9.1241	1.466516836
9.2041	1.471883938
9.2841	1.477349217
9.3641	1.482432692
9.4441	1.48764707
9.5241	1.492414191
9.6041	1.495348643
9.6841	1.478385548
9.7641	1.478069195
9.8441	1.477545574
9.9241	1.482116338
10.0041	1.487570709
10.0841	1.49259964
10.1641	1.498304912
10.2441	1.503486565
10.3241	1.508504587
10.4041	1.513184438
10.4841	1.517591569
10.5641	1.521780527
10.6441	1.525958576
10.7241	1.530136623
10.8041	1.534107406
10.8841	1.537827288
10.9641	1.541296267
11.0441	1.544677978
11.1241	1.548146958
11.2041	1.550939596
11.2841	1.554157676
11.3641	1.557113945
11.4441	1.559622955
11.5241	1.561826521
11.6041	1.563430107
11.6841	1.563451924
11.7641	1.552706812
11.8441	1.55316498
11.9241	1.533420155
12.0041	1.539987218
12.0841	1.528663944
12.1641	1.536834592
12.2441	1.536900044
12.3241	1.531162046
12.3961	1.527180354
12.4589	1.522249603
12.5389	1.518126098
12.6189	1.509551827
12.6989	1.505417412
12.7669	1.501773893
12.8469	1.498228551
12.9269	1.493995959
13.0069	1.490221534
13.0869	1.486338021
13.1669	1.482127247
13.2469	1.47827646
13.3269	1.471360317
13.4069	1.462851498
13.4869	1.454059052
13.5669	1.441426728
13.6469	1.433834243
13.7269	1.424005465
13.8069	1.415834817
13.8869	1.396122718
13.9669	1.384123102
14.0469	1.38248679
14.1269	1.381265011
14.2069	1.380981384
14.2869	1.378450555
14.3669	1.378156019
14.4469	1.378603278
14.5269	1.377774213
14.6069	1.377686943
14.6869	1.378068749
14.7669	1.377272411
14.8469	1.37632335
14.9269	1.376039723
15.0069	1.369232667
15.0869	1.362163802
15.1669	1.349967828
15.2469	1.347502452
15.3269	1.343978929
15.4069	1.342877145
15.4869	1.341469917
15.5669	1.34335713
15.6469	1.341993537
15.7269	1.337760945
15.8069	1.336190086
15.8869	1.333451992
15.9669	1.330321183
16.0469	1.325194073
16.1269	1.310314548
16.2069	1.314612593
16.2869	1.30648558
16.3669	1.296569532
16.4469	1.283904482
16.5264	1.277468323
16.6064	1.272919378
16.6864	1.269886747
16.7664	1.268152257
16.8464	1.267028656
16.9144	1.265643246
16.9944	1.263308776
17.0744	1.263592403
17.1544	1.261301566
17.2344	1.257941673
17.3144	1.256916252
17.3869	1.249858296
17.4669	1.246629307
17.5469	1.239462263
17.6269	1.228837148
17.7069	1.215059406
17.7869	1.203245238
17.8669	1.196187281
17.9469	1.189871118
18.0269	1.179311456
18.1069	1.158868471
18.1869	1.148788794
18.2669	1.138818203
18.3469	1.130233022
18.4269	1.127942186
18.5069	1.124069583
18.5869	1.123142339
18.6669	1.121113313
18.7469	1.114022631
18.8269	1.103975679
18.9069	1.088274724
18.9869	1.073649373
19.0669	1.064880926
19.1469	1.057254623
19.2189	1.050864283
19.2819	1.045928077
19.3619	1.042030383
19.4419	1.038694489
19.5219	1.036634918
19.6013	1.03341793
19.6765	1.033191028
19.7565	1.030217305
19.8341	1.030995098
19.9141	1.029719866
19.9941	1.027664659
20.0741	1.023789873
20.1501	1.02156449
20.2301	1.020540159
20.3101	1.020404891
20.3901	1.020383073
20.4701	1.020356892
20.5501	1.02044089
20.6301	1.020626338
20.7101	1.020714699
20.7901	1.02127759
20.8701	1.020067811
20.9501	1.018282049
21.0301	1.018260232
21.1101	1.017818428
21.1901	1.017406077
21.2701	1.017340625
21.3501	1.016918456
21.4301	1.015780675
21.5101	1.014925429
21.5901	1.014762889
21.6701	1.014998518
21.7501	1.01545014
21.8301	1.013224756
21.9101	1.015620316
21.9901	1.015884308
22.0701	1.015934488
22.1501	1.016526833
22.2301	1.016778825
22.3101	1.017504256
22.3901	1.014681073
22.4701	1.000765881
22.5501	0.997756159
22.6301	0.995427142
22.7101	0.994504263
22.7901	0.993004311
22.8701	0.985361645
22.9501	0.977427717
23.0301	0.972146794
23.1101	0.969510151
23.1901	0.966985868
23.2701	0.962981269
23.3467	0.958113788
23.4267	0.958050517
23.5067	0.956443659
23.5837	0.956230939
23.6637	0.951913258
23.7437	0.949568969
23.8237	0.946343254
23.9037	0.946073808
23.9837	0.941774673
24.0637	0.941806308
24.1437	0.939335478
24.2237	0.939321296
24.3037	0.938772587
24.3837	0.937293361
24.4637	0.934669808
24.5437	0.934343637
24.6237	0.930992471
24.7037	0.926789333
24.7837	0.925567554
24.8637	0.924641401
24.9437	0.923509074
25.0237	0.922650556
25.1037	0.922608012
25.1837	0.922233842
25.2637	0.922029848
25.3437	0.921929488
25.4237	0.921579317
25.5037	0.920991336
25.5837	0.920214633
25.6637	0.920078274
25.7437	0.919831737
25.8237	0.919493566
25.9037	0.919201211
25.9837	0.919026671
26.0637	0.919017944
26.1437	0.918722317
26.2237	0.918798679
26.3037	0.918869585
26.3837	0.918996127
26.4637	0.919103033
26.5437	0.919231756
26.6237	0.919152122
26.7037	0.919391023
26.7837	0.919445567
26.8637	0.9195612
26.9437	0.919601562
27.0237	0.919804465
27.1037	0.91986119
27.1837	0.919812101
27.2637	0.919854645
27.3437	0.919835009
27.4237	0.919407386
27.5037	0.919178303
27.5837	0.918827041
27.6637	0.918607776
27.7437	0.918087429
27.8237	0.918036158
27.9037	0.917996886
27.9837	0.918077611
28.0603	0.917339089
28.1403	0.917051098
28.2203	0.917156913
28.3003	0.916658383
28.3803	0.916118401
28.4555	0.915342789
28.5355	0.914176644
28.6155	0.912184708
28.6955	0.906964874
28.7755	0.898897859
28.8429	0.898890223
28.921	0.898346968
29.001	0.898296787
29.081	0.897941162
29.161	0.897590992
29.241	0.897093553
29.321	0.894612905
29.401	0.889413798
29.481	0.885840094
29.561	0.881458052
29.641	0.883241632
29.721	0.884192874
29.801	0.884800491
29.881	0.8850863
29.961	0.88494885
30.041	0.884570316
30.121	0.881903129
30.201	0.868328289
30.281	0.869341712
30.361	0.868883544
30.441	0.868862818
30.521	0.869017722
30.601	0.869569704
30.681	0.868823546
30.761	0.868223565
30.841	0.867452317
30.921	0.866779248
31.001	0.866708341
31.081	0.865483289
31.161	0.864937852
31.241	0.864140423
31.321	0.859915467
31.401	0.851935722
31.481	0.849740882
31.561	0.848362017
31.641	0.847339868
31.721	0.846358081
31.801	0.845723192
31.881	0.845065395
31.961	0.844587592
32.041	0.844230876
32.121	0.843841434
32.201	0.843485809
32.281	0.843104003
32.361	0.842501841
32.441	0.841422966
32.521	0.839948104
32.601	0.83941903
32.681	0.838498332
32.761	0.836985289
32.841	0.836102772
32.921	0.834582093
33.001	0.833443221
33.0787	0.831826545
33.1587	0.83021096
33.2387	0.830628765
33.3187	0.830312412
33.3987	0.829361169
33.4787	0.82863901
33.5587	0.829235719
33.6387	0.827948487
33.7187	0.827707404
33.7987	0.826391809
33.8747	0.826000186
33.9547	0.82475768
34.0347	0.823421359
34.1147	0.823591535
34.1947	0.822193034
34.2747	0.822089401
34.3547	0.822247578
34.4347	0.821685778
34.5147	0.822498479
34.5947	0.821311608
34.6747	0.820921075
34.7547	0.820886167
34.8347	0.821661779
34.9102	0.819753839
34.9902	0.815301982
35.0702	0.81165628
35.1502	0.808464382
35.2302	0.806545534
35.3102	0.805676107
35.3902	0.8050434
35.4702	0.80486886
35.5502	0.804729228
35.6302	0.804704138
35.7102	0.804674684
35.7902	0.80469432
35.8702	0.804936494
35.9502	0.805054309
36.0302	0.805067399
36.1102	0.805373935
36.1902	0.805404479
36.2702	0.804946312
36.3502	0.805913917
36.4302	0.806132092
36.5102	0.806577169
36.5902	0.806667712
36.6702	0.806846615
36.7502	0.806860796
36.8302	0.806968793
36.9102	0.80717715
36.9902	0.807396416
37.0702	0.807732405
37.1502	0.807881855
37.2302	0.808229844
37.3102	0.808254934
37.3902	0.808465472
37.4702	0.808607286
37.5502	0.808764372
37.6302	0.808938912
37.7102	0.807493503
37.7902	0.808340022
37.8702	0.808345476
37.9502	0.808594196
38.0302	0.809002183
38.1102	0.809363262
38.1902	0.809426533
38.2702	0.809604345
38.3502	0.809798521
38.4302	0.809955607
38.5102	0.809814884
38.5902	0.809903245
38.6702	0.810053785
38.7502	0.808634558
38.8302	0.81002215
38.9102	0.810090875
38.9902	0.809979606
39.0702	0.809850883
39.1502	0.809803975
39.2302	0.809654525
39.3102	0.809381807
39.3892	0.80933599
39.4692	0.809200722
39.5492	0.80904909
39.6292	0.808633467
39.7092	0.808395656
39.7892	0.807641862
39.8692	0.807718223
39.9492	0.80746405