0.00654393	-0.007990098
0.0865439	0.091285014
0.166544	0.188469258
0.246544	0.277271879
0.326544	0.347792537
0.406544	0.394632497
0.486544	0.433058544
0.566544	0.464194277
0.646544	0.493746061
0.726544	0.520217217
0.806544	0.544026639
0.886544	0.566307746
0.966544	0.588052143
1.04654	0.609486731
1.12654	0.629469366
1.20654	0.649245826
1.28654	0.668679752
1.36654	0.686661723
1.44654	0.704838961
1.52654	0.722385674
1.60654	0.739046597
1.68654	0.755734792
1.76654	0.771560105
1.84654	0.786667623
1.92654	0.801754414
2.00654	0.815552883
2.08654	0.829082996
2.16654	0.842337119
2.24654	0.854826538
2.32654	0.866405078
2.40654	0.877181825
2.48654	0.887774214
2.56654	0.897933526
2.64654	0.907522311
2.72654	0.916962737
2.80654	0.92612499
2.88654	0.935142157
2.96654	0.9437797
3.04654	0.952937589
3.12654	0.961434409
3.20654	0.970029407
3.28654	0.978407322
3.36654	0.986849598
3.44654	0.99483807
3.52654	1.003314163
3.60654	1.011278636
3.68654	1.019390378
3.76654	1.027575207
3.84654	1.035652041
3.92654	1.043219436
4.00654	1.051069366
4.08654	1.058888753
4.16654	1.066644869
4.24654	1.074331169
4.32654	1.081762205
4.40654	1.089409234
4.48654	1.097026809
4.56654	1.104455663
4.64654	1.111819064
4.72654	1.119357005
4.80654	1.126829494
4.88654	1.133756546
4.96509	1.141196308
5.04509	1.148810611
5.12509	1.156130378
5.20509	1.163581049
5.28509	1.171053538
5.36509	1.178547844
5.44509	1.185878519
5.52509	1.193492821
5.60509	1.200910766
5.68509	1.208579612
5.76509	1.216128462
5.84509	1.223590043
5.92509	1.23098617
6.00509	1.238731378
6.08509	1.246040236
6.16509	1.253327276
6.24509	1.260134332
6.32509	1.266821391
6.40509	1.273704807
6.48509	1.281090026
6.56509	1.28851888
6.64509	1.295882282
6.72509	1.303103869
6.80509	1.310292731
6.88509	1.317394322
6.96509	1.324572274
7.04509	1.331564779
7.12509	1.338633644
7.20509	1.345637057
7.28509	1.352607744
7.36509	1.359338438
7.44509	1.366516391
7.52509	1.37346526
7.60509	1.380294133
7.68509	1.386992101
7.76509	1.3938537
7.84509	1.40062803
7.92509	1.407271454
8.00509	1.413958513
8.08509	1.420569211
8.16509	1.427158092
8.24509	1.433616067
8.32509	1.440150404
8.40509	1.446510202
8.48509	1.452924542
8.56509	1.459098891
8.64509	1.465273239
8.72509	1.471174869
8.80509	1.475811085
8.88509	1.478570997
8.96509	1.480338213
9.04509	1.486054394
9.12509	1.491628761
9.20509	1.496974046
9.28509	1.501479356
9.36509	1.502079338
9.44509	1.478920077
9.52509	1.461040647
9.60509	1.471283956
9.68509	1.475854719
9.76509	1.48009822
9.84509	1.483949007
9.92509	1.486992546
10.0051	1.489850637
10.0851	1.492501461
10.1651	1.496384973
10.2451	1.500486661
10.3251	1.504719253
10.4051	1.508635492
10.4851	1.512355373
10.5531	1.514853476
10.6331	1.514482578
10.7131	1.508537313
10.7931	1.503257482
10.8731	1.502646592
10.9531	1.502112063
11.0331	1.497334034
11.1131	1.48920702
11.1931	1.465142335
11.2731	1.470749428
11.3531	1.454440857
11.4331	1.439244979
11.5131	1.413685795
11.5931	1.420089227
11.6731	1.419816508
11.7531	1.40730418
11.8331	1.410664072
11.9131	1.401882535
11.9931	1.405155158
12.0731	1.403955196
12.1531	1.405176976
12.2331	1.407031461
12.3131	1.408820495
12.3931	1.409900461
12.4731	1.409911369
12.5531	1.406802378
12.6331	1.407315089
12.7131	1.408198697
12.7931	1.406595111
12.8721	1.39879536
12.9521	1.398784452
13.0321	1.399940779
13.1121	1.399515338
13.1921	1.40027895
13.2721	1.400409854
13.3521	1.398882631
13.4321	1.390450172
13.5121	1.389392024
13.5921	1.387581173
13.6721	1.383141314
13.7521	1.382694056
13.8321	1.381930444
13.9121	1.380381403
13.9921	1.377621491
14.0721	1.373792522
14.1521	1.369941736
14.2321	1.367978162
14.3121	1.366734565
14.3921	1.364738265
14.4721	1.36392011
14.5521	1.35992751
14.6321	1.351647774
14.7121	1.339735428
14.7921	1.333124729
14.8721	1.327899441
14.9521	1.314623501
15.0321	1.309441849
15.1116	1.293318727
15.1916	1.288235252
15.2716	1.282322714
15.3516	1.267061383
15.4316	1.246280228
15.5116	1.244163932
15.5916	1.234389698
15.6716	1.232698843
15.7516	1.222706435
15.8316	1.212452216
15.9116	1.201718013
15.9916	1.194529152
16.0716	1.192707392
16.1516	1.190263834
16.2316	1.187787549
16.3116	1.187853001
16.3916	1.183893128
16.4716	1.182278634
16.5516	1.179900528
16.6316	1.17615883
16.7116	1.175995198
16.7916	1.175482487
16.8716	1.174260708
16.9516	1.171675336
17.0316	1.167115482
17.1116	1.160941133
17.1916	1.15307593
17.2716	1.143836224
17.3516	1.118691572
17.4316	1.091539711
17.5116	1.074878789
17.5916	1.066403787
17.6682	1.059037112
17.7482	1.053228207
17.8282	1.048311637
17.9082	1.035642222
17.9882	1.028697717
18.0682	1.026046893
18.1482	1.02485784
18.2282	1.024320039
18.3082	1.023938233
18.3882	1.02351061
18.4682	1.023229164
18.5482	1.022583366
18.6282	1.019996904
18.7082	1.013000036
18.7793	1.009678324
18.8593	1.005979169
18.9393	1.005696633
19.0193	1.003981778
19.0974	1.004892658
19.1774	1.003211621
19.2574	1.003729786
19.3374	1.003725423
19.4174	1.003610881
19.4974	1.00397087
19.5744	1.003822511
19.6534	1.003829056
19.7334	1.003507248
19.8134	1.003195258
19.8911	1.002816725
19.9701	1.002479644
20.0501	1.002932357
20.1301	1.001915663
20.2101	0.995728224
20.2901	0.995366053
20.3701	0.995061699
20.4501	0.99491225
20.5301	0.995301692
20.6101	0.996246389
20.6901	0.992771954
20.7701	0.994045005
20.8501	0.993737378
20.9301	0.99372756
21.0101	0.993782104
21.0901	0.993583565
21.1701	0.992538507
21.2501	0.988742265
21.3301	0.981994116
21.4101	0.981701762
21.4901	0.979472015
21.5701	0.977193179
21.6501	0.978140058
21.7301	0.978174966
21.8101	0.978089877
21.8867	0.977624074
21.9447	0.974258727
22.0247	0.957848705
22.1047	0.939178392
22.1847	0.937665349
22.2647	0.933754565
22.3447	0.932064801
22.4233	0.930792841
22.5033	0.930063046
22.5784	0.929852508
22.6553	0.928835813
22.7353	0.927786392
22.8153	0.92686133
22.8953	0.921267327
22.9753	0.922908002
23.0488	0.917606353
23.1288	0.919022308
23.2083	0.9132974
23.2883	0.911510548
23.3678	0.905266383
23.4444	0.908512825
23.5244	0.905138751
23.6044	0.906490344
23.6844	0.904333686
23.7644	0.905179113
23.843	0.904691492
23.923	0.904346776
24.003	0.903444623
24.083	0.902789008
24.1593	0.898789863
24.2393	0.89523034
24.3193	0.894769991
24.3993	0.893954017
24.4793	0.893214404
24.5593	0.89272242
24.6393	0.892629696
24.7193	0.892468246
24.7993	0.892530426
24.8793	0.892466064
24.9593	0.892433338
25.0393	0.892187892
25.1193	0.892090804
25.1993	0.892191164
25.2793	0.892262071
25.3593	0.892052623
25.4393	0.89204935
25.5193	0.891846448
25.5993	0.891707907
25.6793	0.891839903
25.7593	0.891544276
25.8393	0.891613001
25.9193	0.891149379
25.9993	0.890454492
26.0793	0.88829347
26.1593	0.886158629
26.2393	0.885240113
26.3151	0.883910337
26.3951	0.883517623
26.4751	0.883517623
26.5551	0.883449988
26.6271	0.883524168
26.7027	0.883635437
26.7822	0.883675799
26.8622	0.883042002
26.936	0.882739829
27.016	0.879273031
27.096	0.878119977
27.176	0.869054812
27.256	0.869256623
27.336	0.868890089
27.416	0.868452649
27.496	0.866891608
27.576	0.861771044
27.656	0.857454454
27.736	0.857525361
27.816	0.855653421
27.896	0.853397493
27.976	0.853958202
28.056	0.854797085
28.136	0.855005442
28.216	0.853540398
28.296	0.850628854
28.376	0.851627004
28.456	0.853016778
28.536	0.853740028
28.616	0.853988747
28.696	0.854071653
28.776	0.853708392
28.856	0.853351676
28.936	0.85299496
29.016	0.852748423
29.096	0.852452796
29.176	0.852199713
29.256	0.851889905
29.336	0.851514644
29.416	0.851120838
29.496	0.850794667
29.576	0.850156506
29.656	0.849680884
29.736	0.847889669
29.816	0.848348927
29.896	0.846428988
29.976	0.83567624
30.056	0.835319524
30.136	0.829824791
30.216	0.818866959
30.296	0.818177526
30.376	0.816125592
30.456	0.814604913
30.536	0.813126778
30.616	0.812352257
30.696	0.811641007
30.776	0.81133229
30.856	0.810881759
30.936	0.810333049
31.016	0.809923971
31.096	0.809446168
31.176	0.808904004
31.256	0.808792735
31.336	0.808235298
31.416	0.807868764
31.496	0.807290601
31.576	0.80685316
31.656	0.806090639
31.736	0.804880859
31.816	0.803046009
31.896	0.80213622
31.976	0.803126734
32.056	0.80455687
32.136	0.805090307
32.216	0.804873223
32.296	0.804664866
32.376	0.803413634
32.456	0.803535812
32.536	0.802772199
32.616	0.802552934
32.696	0.802219126
32.776	0.80186241
32.856	0.801253703
32.936	0.800818444
33.016	0.799422125
33.096	0.798869051
33.176	0.795840784
33.256	0.793521586
33.336	0.787484687
33.416	0.787739952
33.496	0.785002948
33.576	0.783773533
33.656	0.783225914
33.736	0.782980468
33.816	0.782918288
33.896	0.782429576
33.976	0.782869198
34.056	0.782918288
34.136	0.782808109
34.216	0.78290847
34.296	0.782942287
34.376	0.78285938
34.456	0.783026284
34.536	0.78295865
34.616	0.780535818
34.696	0.775046539
34.776	0.773804033
34.856	0.770513956
34.9355	0.76874674
35.0155	0.768300572
35.0945	0.767970037
35.1745	0.767944947
35.2545	0.768170758
35.3345	0.768265664
35.4145	0.768586381
35.4945	0.768776194
35.5745	0.769076184
35.6502	0.769392537
35.7302	0.769911794
35.8102	0.770494321
35.8902	0.770954669
35.9702	0.771400837
36.0502	0.771902639
36.1302	0.772397896
36.2102	0.77291388
36.2902	0.773339321
36.3702	0.773711309
36.4502	0.774065843
36.5302	0.774401832
36.6102	0.774756366
36.6902	0.775177444
36.7702	0.775475252
36.8502	0.775810151
36.9302	0.77617123
37.0102	0.776533401
37.0902	0.776722122
37.1702	0.77265207
37.2502	0.77462328
37.3302	0.774417104
37.4056	0.774297108
37.4856	0.774445467
37.5656	0.77467346
37.6456	0.77448692
37.7256	0.774868726
37.8056	0.775039994
37.8856	0.775371619
37.9656	0.775753425
38.0456	0.776047961
38.1256	0.77638286
38.2056	0.776724303
38.2856	0.77701884
38.3656	0.777410463
38.4456	0.777911175
38.5256	0.77815444
38.6056	0.778551518
38.6856	0.778804601
38.7656	0.779242041
38.8456	0.77960203
38.9256	0.779864931
39.0056	0.780244555
39.0856	0.780379823
39.1656	0.780806355
39.2456	0.781100891
39.3256	0.781440153
39.4056	0.781695418
39.4856	0.782118677
39.5656	0.782463393
39.6456	0.782752475
39.7256	0.783048102
39.8056	0.783290276
39.8856	0.783824804
39.9613	0.783896802