0.0238794	0.049494711
0.103879	0.169683312
0.183879	0.281568833
0.263879	0.368914045
0.343879	0.437939115
0.423879	0.496929233
0.503879	0.54623675
0.583879	0.59326434
0.663879	0.633364878
0.743879	0.674123214
0.823879	0.710732955
0.903879	0.746090372
0.983879	0.778344252
1.06388	0.810715946
1.14388	0.841424057
1.22388	0.869807515
1.30388	0.89853678
1.38388	0.925601371
1.46388	0.950186404
1.54388	0.976213574
1.62388	1.000508435
1.70388	1.024098591
1.78388	1.047757472
1.86388	1.069991671
1.94388	1.092805126
2.02388	1.114273532
2.10388	1.135578306
2.18388	1.156424913
2.26388	1.176093377
2.34388	1.195074589
2.42388	1.213575817
2.50388	1.231673421
2.58388	1.249345585
2.66388	1.266777755
2.74388	1.283500858
2.82388	1.30032214
2.89131	1.314972581
2.97131	1.331684776
3.04794	1.347655174
3.12794	1.364236463
3.20794	1.380566851
3.28794	1.396962692
3.36794	1.412889456
3.44794	1.428838038
3.52794	1.444328453
3.60794	1.460069768
3.68794	1.475571092
3.76794	1.490679701
3.84794	1.505646496
3.92794	1.520689652
4.00794	1.535416455
4.08794	1.550328706
4.16742	1.564673703
4.24742	1.579084153
4.32742	1.593363697
4.40742	1.608035956
4.48742	1.622206413
4.56742	1.636562318
4.64742	1.650820045
4.72742	1.664630513
4.80742	1.678670065
4.88742	1.692284177
4.96742	1.705865561
5.04742	1.719337858
5.12742	1.73242835
5.20742	1.74518067
5.28742	1.757900264
5.36742	1.770772581
5.44742	1.782914011
5.52742	1.795317252
5.60742	1.806880519
5.68405	1.819076494
5.76405	1.830323407
5.84406	1.842355751
5.92406	1.854126285
6.00406	1.864336867
6.08405	1.875409242
6.16405	1.886645247
6.24405	1.897532171
6.32406	1.908680907
6.40406	1.91958965
6.48406	1.929691146
6.56405	1.940992603
6.64405	1.949654145
6.72405	1.96001745
6.80406	1.969933498
6.88406	1.979162294
6.96406	1.989154702
7.04405	1.999201654
7.12405	2.008604991
7.20405	2.018084689
7.28406	2.027531659
7.36406	2.034425985
7.44406	2.045443815
7.52406	2.053330837
7.60405	2.05329811
7.68405	2.024193585
7.76405	2.032080605
7.84406	2.042869352
7.92406	2.048978248
8.00406	2.052949031
8.08405	2.051999969
8.16405	2.064883195
8.24405	2.071602981
8.32405	2.078399128
8.40405	2.08488983
8.48405	2.090933272
8.56406	2.09676945
8.64406	2.101252943
8.72406	2.105398265
8.80406	2.1011984
8.8529	2.080842686
8.86974	2.086406144
8.9411	2.087562471
9.01922	2.07585739
9.09922	2.073522919
9.17922	2.06396686
9.25922	2.062974165
9.33922	2.062112374
9.41922	2.058468854
9.49871	2.064654111
9.54153	2.055916208
9.60806	2.044429302
9.68806	2.044778382
9.76806	2.046840135
9.84806	2.04166939
9.92297	2.040862143
10.003	2.037033174
10.083	2.043272976
10.163	2.044342033
10.243	2.039094927
10.323	2.029724317
10.391	2.013917549
10.471	1.98917652
10.5243	1.969486239
10.5895	1.953494022
10.6695	1.96687905
10.7468	1.970555296
10.8268	1.96765357
10.9068	1.966715418
10.9838	1.96618089
11.0559	1.964522761
11.1359	1.960126538
11.2128	1.955501231
11.2923	1.941832577
11.3713	1.9413635
11.4144	1.940785337
11.4408	1.936869098
11.4682	1.92947297
11.5227	1.916131579
11.6027	1.933487388
11.6827	1.93563641
11.7627	1.934709167
11.8336	1.930062043
11.9136	1.921400501
11.9936	1.914397088
12.0736	1.892045074
12.1536	1.874351094
12.2336	1.84548656
12.3136	1.828174386
12.3936	1.811265834
12.4602	1.760714719
12.5132	1.717276106
12.5849	1.682673574
12.6649	1.688978828
12.7449	1.681331799
12.802	1.680906358
12.8458	1.677666461
12.8827	1.667619509
12.9627	1.669997615
13.0427	1.658554344
13.1063	1.644263891
13.1863	1.635722345
13.2663	1.627224435
13.3463	1.608145043
13.4091	1.599352597
13.4803	1.59949441
13.5603	1.599003517
13.6403	1.596156335
13.7203	1.597421749
13.8003	1.595087279
13.8803	1.59567635
13.9603	1.591400123
14.0403	1.586840268
14.1203	1.585716668
14.2003	1.579924126
14.2803	1.57052079
14.3555	1.557092128
14.4235	1.559481142
14.4903	1.558041188
14.5654	1.55724485
14.6421	1.557626655
14.706	1.556164884
14.7777	1.557812104
14.813	1.551114136
14.8762	1.553132253
14.9562	1.550721421
15.0302	1.548321498
15.1045	1.54491797
15.1845	1.543641647
15.2645	1.542027153
15.3445	1.543401655
15.4245	1.542899853
15.5005	1.536354607
15.5774	1.51134086
15.6574	1.489294291
15.7359	1.481789076
15.8159	1.4551172
15.8682	1.440804929
15.9438	1.432896091
16.0238	1.429928912
16.1038	1.423787291
16.1838	1.417754755
16.2628	1.41399124
16.3428	1.410565894
16.4228	1.404816987
16.5028	1.403649751
16.5828	1.408449598
16.6628	1.402318885
16.7428	1.383937653
16.8228	1.376923332
16.9028	1.383599482
16.9769	1.381439551
17.0569	1.373214359
17.1359	1.373857974
17.2085	1.373181633
17.2818	1.369669017
17.3618	1.365425516
17.4418	1.363025593
17.5218	1.359447526
17.6018	1.349564204
17.6781	1.348375151
17.7566	1.343640757
17.8089	1.339211807
17.8889	1.3414481
17.9689	1.341688092
18.0429	1.34223353
18.1071	1.342037171
18.1871	1.335644649
18.2671	1.330888437
18.3471	1.326928563
18.4271	1.32669948
18.5071	1.324310465
18.5871	1.321212382
18.6671	1.313401722
18.7442	1.310576358
18.8242	1.306289221
18.9042	1.303867481
18.9842	1.300649402
19.0642	1.300780307
19.1437	1.298685829
19.1812	1.298304022
19.2526	1.297704041
19.3326	1.29710406
19.4052	1.294813224
19.4852	1.291911499
19.5652	1.28825707
19.6452	1.287689815
19.7203	1.284668094
19.8003	1.282399076
19.8634	1.276562898
19.9434	1.265937783
20.0109	1.26058159
20.0904	1.259032548
20.1704	1.254505419
20.2504	1.25242185
20.3304	1.25137461
20.4104	1.250589182
20.4904	1.246923844
20.5704	1.2408804
20.6504	1.238371389
20.7304	1.235851469
20.8099	1.232502486
20.8899	1.231618878
20.9699	1.230015292
21.0499	1.228782604
21.1299	1.227898996
21.2099	1.226524495
21.2899	1.222215541
21.3699	1.222597347
21.4499	1.214023076
21.5299	1.207750548
21.6072	1.191005629
21.6872	1.177064255
21.7619	1.169875393
21.8038	1.161039311
21.8769	1.151548705
21.9236	1.151145082
21.9577	1.145243452
22.0236	1.144490749
22.1036	1.145079821
22.1836	1.143563506
22.2636	1.14013816
22.3436	1.138676389
22.4236	1.138785477
22.5036	1.137083712
22.5836	1.136690998
22.6636	1.136287374
22.7436	1.135403766
22.8236	1.134672881
22.8999	1.134061991
22.9799	1.133440193
23.0599	1.131727519
23.1399	1.132578402
23.2166	1.128705798
23.2961	1.13076755
23.3761	1.130091208
23.4561	1.129523954
23.5361	1.129000334
23.6161	1.128313084
23.6961	1.126938582
23.7761	1.122629629
23.8561	1.114022631
23.9361	1.111840882
24.0161	1.109015517
24.0961	1.104281123
24.1761	1.10170666
24.2561	1.097986779
24.3361	1.095903208
24.4161	1.088572534
24.4961	1.08688386
24.5707	1.087811103
24.6443	1.085237731
24.7243	1.084188309
24.8043	1.083907955
24.8843	1.08262945
24.9643	1.077944145
25.0443	1.068064097
25.1243	1.068209184
25.2043	1.067075765
25.2843	1.065226733
25.3643	1.06099305
25.4443	1.061107592
25.5243	1.054649616
25.6043	1.05413036
25.6843	1.052027154
25.7643	1.050382115
25.8443	1.049074157
25.9216	1.047232762
26.0011	1.042761268
26.0811	1.044146679
26.1611	1.043176891
26.2411	1.04104205
26.3211	1.040814057
26.4011	1.040020992
26.4811	1.039298833
26.5611	1.038681398
26.6411	1.037719247
26.7211	1.036944727
26.8011	1.036223658
26.8811	1.035430593
26.9611	1.034602619
27.0411	1.03309394
27.1211	1.033453929
27.2011	1.032526686
27.2811	1.025846171
27.3611	1.030243486
27.4411	1.027551208
27.5211	1.025509092
27.6011	1.024532759
27.6811	1.024400763
27.7611	1.024063683
27.8411	1.023257527
27.9211	1.018092237
28.0011	1.017166085
28.0811	1.012947674
28.1611	1.011613535
28.2411	1.011617898
28.3211	1.012025885
28.4011	1.010242306
28.4811	1.006885686
28.5611	1.005241738
28.6411	1.004593759
28.7211	1.005449004
28.8011	1.007387488
28.8811	1.008452181
28.9611	1.009475421
29.0411	1.010079766
29.1211	1.010729927
29.2011	1.010716836
29.2811	1.009844137
29.3611	1.008174008
29.4411	1.005798084
29.5211	1.00262364
29.6011	1.000818243
29.6811	0.99770816
29.7611	0.998868851
29.8411	0.998920122
29.9211	0.99909248
30.0011	0.999269202
30.0811	0.999383743
30.1611	0.999690279
30.2411	1.000024087
30.3211	1.000057904
30.4011	1.000312077
30.4811	1.000832424
30.5611	1.001086598
30.6411	1.001310227
30.7211	1.001601491
30.8011	1.0016004
30.8811	1.001957116
30.9611	1.002085839
31.0411	1.002128383
31.1211	1.00214911
31.2011	1.001989842
31.2811	1.001574219
31.3611	1.0004648
31.4411	0.999299746
31.5211	0.999472104
31.6011	0.99950483
31.6811	0.998723764
31.7611	0.995372599
31.8411	0.994260998
31.9211	0.993134125
32.0011	0.992746864
32.0811	0.991510904
32.1611	0.990806199
32.2411	0.991040737
32.3211	0.991569811
32.4011	0.991061463
32.4811	0.99095783
32.5611	0.990521481
32.6411	0.989744778
32.7211	0.988260098
32.8011	0.985322374
32.8811	0.984461674
32.9611	0.983816967
33.0411	0.983416617
33.1211	0.984218409
33.2011	0.98245992
33.2811	0.981989753
33.3611	0.98152395
33.4411	0.977220451
33.5201	0.973936919
33.6001	0.971048284
33.6801	0.962585281
33.7601	0.964578309
33.8401	0.964115778
33.9201	0.959392292
34.0001	0.956205848
34.0801	0.946006174
34.0861	0.946694516
34.0933	0.945245835
34.1374	0.945767273
34.2174	0.945546916
34.2974	0.940599801
34.3774	0.943766609
34.4574	0.943466619
34.5374	0.94301936
34.6174	0.94251974
34.6974	0.94188376
34.7774	0.940978334
34.8574	0.945239289
34.9374	0.939885278
35.0174	0.943408802
35.0974	0.943070631
35.1774	0.942739006
35.2574	0.942422652
35.3374	0.94243247
35.4174	0.941095058
35.4974	0.941206327
35.5774	0.941449592
35.6574	0.941624132
35.7374	0.94243247
35.8174	0.942854638
35.8974	0.943085904
35.9774	0.943398984
36.0574	0.943695702
36.1374	0.943858243
36.2174	0.944120052
36.2974	0.944076417
36.3774	0.94452913
36.4574	0.944748396
36.5374	0.945041841
36.6174	0.94517711
36.6974	0.94536474
36.7774	0.945497827
36.8574	0.945658185
36.9374	0.945845816
37.0174	0.945987629
37.0974	0.946085808
37.1774	0.946252712
37.2574	0.946383617
37.3374	0.943781881
37.4174	0.946757786
37.4974	0.946859238
37.5774	0.946822148
37.6574	0.946853783
37.7374	0.946955235
37.8174	0.946789422
37.8974	0.946665062
37.9774	0.946453432
38.0574	0.945982175
38.1374	0.945429102
38.2174	0.944606582
38.2974	0.943446983
38.3774	0.942563375
38.4574	0.941587042
38.5374	0.940657617
38.6026	0.939558016
38.6805	0.938001339
38.7605	0.937309724
38.8405	0.935349423
38.9205	0.934283639
39.0005	0.933367305
39.0805	0.93142773
39.1605	0.929597243
39.2405	0.927737302
39.3205	0.924810487
39.4005	0.918030703
39.4805	0.916076947
39.5605	0.91403374
39.6405	0.913505757
39.7205	0.912369066
39.8005	0.911681815
39.8805	0.911325099
39.9605	0.910849478