0.0270162	0.057878735
0.107016	0.16888152
0.187016	0.276042463
0.267016	0.357393322
0.347016	0.417009601
0.427016	0.46367393
0.507016	0.50236615
0.587016	0.53856354
0.667016	0.570216348
0.747016	0.601706616
0.827016	0.630336612
0.907016	0.658211722
0.987016	0.68574648
1.06702	0.711713651
1.14702	0.738517523
1.22702	0.763101466
1.30702	0.787364691
1.38702	0.810448682
1.46702	0.833046142
1.54702	0.854886536
1.62702	0.875471334
1.70702	0.895641599
1.78702	0.914850805
1.86702	0.933115313
1.94702	0.951776899
2.02702	0.969165435
2.10702	0.986325978
2.18702	1.003490885
2.26702	1.019312926
2.34702	1.034626618
2.42702	1.0494516
2.50702	1.063491152
2.58702	1.077344164
2.66702	1.09112518
2.74702	1.104673838
2.82702	1.118331584
2.90702	1.13102936
2.98702	1.144523476
3.06702	1.15749397
3.14702	1.170475374
3.22702	1.183325873
3.30702	1.196110919
3.38702	1.208503252
3.46702	1.221026488
3.54702	1.23350609
3.62702	1.24582206
3.70702	1.25779986
3.78702	1.269843112
3.86702	1.281810003
3.94702	1.293667806
4.02702	1.305765602
4.10702	1.317372504
4.18702	1.329273943
4.26702	1.341000842
4.34702	1.35290228
4.42702	1.364367368
4.50702	1.376006997
4.58702	1.387832074
4.66702	1.399275345
4.74702	1.410816795
4.82702	1.422194614
4.90702	1.433714246
4.98702	1.444928434
5.06702	1.456077169
5.14702	1.466702285
5.22702	1.477654662
5.30702	1.488301595
5.38702	1.498828532
5.46702	1.509322743
5.54702	1.519729683
5.62702	1.530005718
5.70702	1.540347207
5.78702	1.550459611
5.86702	1.560746556
5.94702	1.57068442
6.02702	1.58057865
6.10702	1.590712872
6.18702	1.600476197
6.26702	1.610206796
6.34702	1.619828307
6.42702	1.629122556
6.50702	1.638602253
6.58702	1.647863776
6.66702	1.65693985
6.74702	1.666081377
6.82702	1.675113815
6.90702	1.683949897
6.98702	1.69294961
7.06702	1.701665695
7.14702	1.710283602
7.22702	1.718868783
7.30702	1.727323058
7.38702	1.735613703
7.46702	1.744013435
7.54702	1.74847511
7.62702	1.727519415
7.70702	1.727573959
7.78702	1.735013721
7.86702	1.742518937
7.94702	1.750209601
8.02702	1.757093017
8.10702	1.763987343
8.18702	1.770772581
8.26702	1.777219648
8.34702	1.783426722
8.42702	1.789546528
8.50702	1.795491792
8.58702	1.80071708
8.66702	1.802942463
8.74702	1.7963754
8.82702	1.80427333
8.90702	1.807327778
8.98702	1.801917042
9.06702	1.78961198
9.14702	1.778397792
9.22702	1.783590353
9.30702	1.787768402
9.38702	1.792360983
9.46702	1.790779215
9.54702	1.795469974
9.62702	1.784692137
9.70702	1.787310235
9.78702	1.781724958
9.86702	1.789590162
9.94702	1.79273188
10.027	1.795884506
10.107	1.800215278
10.187	1.80166614
10.267	1.804513322
10.347	1.807785945
10.427	1.80357517
10.507	1.801895223
10.587	1.80392425
10.667	1.807360504
10.747	1.808985907
10.827	1.812476704
10.907	1.815989319
10.987	1.815738418
11.067	1.820047371
11.147	1.823221816
11.227	1.822774557
11.307	1.826145359
11.387	1.828196203
11.467	1.830628852
11.547	1.832330616
11.627	1.83438146
11.707	1.836246855
11.787	1.837152281
11.867	1.835439608
11.947	1.830323407
12.027	1.81320759
12.107	1.810458587
12.187	1.813425765
12.267	1.812454887
12.347	1.795240891
12.427	1.788150208
12.507	1.766910886
12.587	1.758467518
12.667	1.757529367
12.747	1.755773059
12.827	1.75386403
12.907	1.757038473
12.987	1.758434793
13.067	1.759907472
13.147	1.760725629
13.227	1.760605633
13.307	1.762307396
13.387	1.763387362
13.467	1.763550993
13.547	1.759263857
13.627	1.740806264
13.707	1.730682951
13.787	1.721617786
13.867	1.717657912
13.947	1.718050627
14.027	1.717865179
14.107	1.716523403
14.187	1.71932695
14.267	1.718814239
14.347	1.719076049
14.427	1.713207145
14.507	1.719130593
14.587	1.719403311
14.667	1.717308833
14.747	1.71724338
14.827	1.717592459
14.907	1.708265485
14.987	1.714319837
15.067	1.71550889
15.147	1.716676126
15.227	1.71655613
15.307	1.717057932
15.387	1.713054422
15.467	1.717057932
15.547	1.716490677
15.627	1.716087053
15.707	1.706552812
15.787	1.697651278
15.867	1.69503318
15.947	1.69424775
16.027	1.69260053
16.107	1.681724513
16.187	1.668175855
16.267	1.665677753
16.347	1.66240513
16.427	1.660594279
16.507	1.657005302
16.5836	1.650492783
16.6636	1.645682028
16.7436	1.639987663
16.8236	1.638373169
16.9036	1.637424109
16.9836	1.636267783
17.0636	1.637151391
17.1436	1.636213239
17.2236	1.635875067
17.3036	1.634893281
17.3836	1.634838737
17.4636	1.635056912
17.5436	1.634500566
17.6236	1.634260573
17.692	1.633824223
17.772	1.63350787
17.852	1.629809806
17.932	1.63273335
18.012	1.633355148
18.092	1.63220973
18.172	1.634086034
18.248	1.633038794
18.328	1.634991459
18.408	1.630758867
18.488	1.635558714
18.568	1.634871463
18.648	1.636344144
18.728	1.63359514
18.808	1.636955033
18.888	1.636365961
18.968	1.637969546
19.048	1.63707503
19.128	1.638471348
19.208	1.637816823
19.288	1.639114964
19.368	1.638874971
19.448	1.640162203
19.528	1.637980455
19.607	1.640718549
19.687	1.639278595
19.767	1.641558522
19.847	1.640849454
19.927	1.641983963
20.007	1.641634884
20.087	1.641634884
20.1647	1.642507583
20.2447	1.643085747
20.3247	1.643249378
20.4047	1.643794814
20.4847	1.644122077
20.5647	1.644863871
20.6447	1.642900298
20.7247	1.643216651
20.8047	1.642758485
20.8847	1.64314029
20.961	1.642933024
21.041	1.643467552
21.121	1.644045716
21.201	1.641962146
21.281	1.633846042
21.3596	1.627726237
21.4396	1.625969929
21.5196	1.623919086
21.5996	1.617155665
21.6796	1.602756124
21.7596	1.596679955
21.8396	1.591432849
21.9196	1.587865691
21.9996	1.584538523
22.0796	1.580884095
22.1596	1.580938639
22.2396	1.578789616
22.3196	1.581004091
22.3996	1.580120483
22.4796	1.578287814
22.5596	1.574982465
22.6396	1.575396998
22.7196	1.576422419
22.7996	1.577862373
22.8796	1.576596959
22.9596	1.576389693
23.0396	1.576269697
23.1196	1.575255184
23.1996	1.568437219
23.2796	1.562022879
23.3596	1.559339329
23.4396	1.556950313
23.5196	1.554714021
23.5996	1.552652268
23.6796	1.550983232
23.7596	1.548463311
23.8396	1.538721804
23.9196	1.541263542
23.9996	1.539954492
24.0796	1.537620021
24.1596	1.535056466
24.2396	1.532263829
24.3196	1.528685761
24.3996	1.518835166
24.4796	1.523351386
24.5596	1.519467873
24.6342	1.508482769
24.7142	1.506464652
24.7872	1.502799314
24.8672	1.496112255
24.9472	1.495294099
25.0272	1.494137772
25.1072	1.490134264
25.1872	1.48626166
25.2672	1.477283765
25.3472	1.464258727
25.4272	1.447361084
25.5072	1.432612463
25.5872	1.434456041
25.6672	1.430179813
25.7472	1.417787482
25.8272	1.394246415
25.9072	1.399002627
25.9872	1.397704487
26.0672	1.397813573
26.1472	1.395817273
26.2272	1.39689724
26.3072	1.392501016
26.3872	1.389981097
26.4672	1.387504812
26.5472	1.384275824
26.6272	1.377010601
26.7072	1.3716435
26.7858	1.368239972
26.8658	1.364192829
26.9458	1.362643787
27.0224	1.357145781
27.1024	1.348626053
27.1824	1.323906842
27.2571	1.277173788
27.3371	1.292402392
27.4171	1.286162592
27.4971	1.282769972
27.5771	1.280020969
27.6571	1.276235636
27.7371	1.271763051
27.8171	1.262250628
27.8971	1.263810578
27.9771	1.260254328
28.0561	1.253949073
28.1361	1.248887417
28.2161	1.242134905
28.2961	1.233015197
28.3761	1.223502772
28.4561	1.219717439
28.5342	1.219237454
28.6142	1.213684904
28.6942	1.210052293
28.7742	1.205426986
28.8542	1.200878041
28.9342	1.196241824
29.0142	1.196961802
29.0942	1.194430973
29.1742	1.198150855
29.2542	1.196307278
29.3342	1.196590904
29.4142	1.195860018
29.4942	1.196787262
29.5742	1.195870928
29.6542	1.196699992
29.7342	1.196961802
29.8142	1.196012741
29.8942	1.197059981
29.9742	1.197474512
30.0542	1.196874532
30.1342	1.197038163
30.2142	1.197441787
30.2942	1.197518148
30.3742	1.198565387
30.4542	1.193721905
30.5342	1.19315465
30.6142	1.191736514
30.6942	1.193263738
30.7712	1.193361916
30.8512	1.193950989
30.9266	1.194878232
31.0066	1.195489121
31.0866	1.196143646
31.1666	1.194987319
31.2451	1.196187281
31.3251	1.197267247
31.4051	1.196678174
31.4851	1.19394008
31.5651	1.196274551
31.6451	1.195009137
31.7251	1.195816384
31.8051	1.196503635
31.8851	1.196874532
31.9651	1.192696484
32.0451	1.196121829
32.1251	1.1955873
32.2051	1.196132737
32.2832	1.196950893
32.3627	1.196787262
32.4427	1.197452695
32.5227	1.197518148
32.6027	1.197649052
32.6827	1.19740906
32.7627	1.197125433
32.8427	1.196623631
32.9227	1.195663661
33.0027	1.195270947
33.0827	1.193481912
33.1627	1.192401947
33.2427	1.191354708
33.3187	1.189347499
33.3987	1.184689466
33.4787	1.185300356
33.5587	1.183784041
33.6387	1.183762222
33.7187	1.183838584
33.7987	1.183478596
33.8787	1.182878614
33.9467	1.181024129
34.0267	1.181853193
34.1067	1.180773228
34.1867	1.17970417
34.2667	1.178776928
34.3467	1.176442456
34.4133	1.175384308
34.4933	1.172242591
34.5733	1.171478979
34.6533	1.16982085
34.7333	1.168588161
34.8133	1.168228173
34.8933	1.167977272
34.969	1.166493683
35.049	1.164191939
35.129	1.162370179
35.209	1.161453844
35.289	1.15983935
35.369	1.15889029
35.448	1.154330435
35.528	1.147632466
35.608	1.148723341
35.688	1.147447018
35.768	1.145930703
35.848	1.145276179
35.928	1.14353078
36.008	1.141436301
36.088	1.13814186
36.168	1.135796481
36.248	1.134225622
36.328	1.134541976
36.408	1.133407466
36.488	1.130920272
36.568	1.13042938
36.648	1.129131239
36.728	1.127276753
36.808	1.126054973
36.888	1.12565135
36.968	1.124636837
37.048	1.123720503
37.128	1.121931468
37.208	1.121527845
37.288	1.121429666
37.368	1.121189674
37.448	1.121211492
37.528	1.12148421
37.608	1.121713294
37.688	1.121756929
37.768	1.121724203
37.848	1.121593298
37.928	1.121680567
38.008	1.121549663
38.088	1.119586089
38.168	1.12114604
38.248	1.12088423
38.328	1.120851503
38.408	1.120316974
38.488	1.11948791
38.568	1.118375218
38.648	1.116858903
38.728	1.115451676
38.808	1.113269928
38.888	1.11263722
38.968	1.111720886
39.048	1.111251809
39.128	1.110422745
39.208	1.108568259
39.288	1.108470081
39.368	1.107979187
39.448	1.107521019
39.528	1.107313753
39.608	1.107695559
39.688	1.106921039
39.768	1.106953765
39.848	1.106844678
39.928	1.106724682
40.008	1.106331966