0.016	0.006778419
0.096	0.040669957
0.176	0.074557579
0.256	0.108389078
0.336	0.142213118
0.416	0.175745041
0.496	0.208073069
0.576	0.23751349
0.656	0.261699534
0.736	0.284041512
0.816	0.303204387
0.896	0.32152323
0.976	0.339394574
1.056	0.353851258
1.136	0.368966137
1.216	0.382823048
1.296	0.396371062
1.376	0.409134088
1.456	0.421120208
1.536	0.432794322
1.616	0.443697744
1.696	0.454205876
1.776	0.464365332
1.856	0.474300417
1.936	0.483275867
2.016	0.492029432
2.096	0.500594676
2.176	0.508909444
2.256	0.517260261
2.336	0.525201492
2.416	0.533111648
2.496	0.541026154
2.576	0.548616223
2.656	0.556403316
2.736	0.563752234
2.81548	0.571428074
2.89548	0.578788801
2.97548	0.586122181
3.05548	0.593433807
3.13548	0.600356358
3.21548	0.607799126
3.29548	0.614888868
3.37548	0.621680898
3.45548	0.628722782
3.53548	0.635460119
3.61548	0.642172595
3.69548	0.648916147
3.77548	0.655423519
3.85548	0.661949537
3.93548	0.668456909
4.01548	0.674827545
4.09548	0.681061446
4.17548	0.687456944
4.25548	0.693591401
4.33548	0.699868808
4.41548	0.70599705
4.49548	0.711920188
4.57548	0.717967631
4.64928	0.723492993
4.72797	0.729155091
4.79779	0.734071358
4.87779	0.739882621
4.95779	0.745631732
5.03476	0.751063865
5.11476	0.756539505
5.19476	0.762127019
5.27477	0.767273251
5.35425	0.772929133
5.43425	0.77797592
5.51425	0.783234026
5.59425	0.788050849
5.67425	0.792985761
5.75425	0.797765293
5.83425	0.802488887
5.91425	0.806976301
5.97625	0.810599794
6.03902	0.814192212
6.11902	0.81877907
6.19902	0.823117318
6.22623	0.824441168
6.29898	0.828617819
6.37898	0.833161171
6.45898	0.837754244
6.53898	0.842154645
6.61898	0.846610983
6.69898	0.850980307
6.77898	0.855343416
6.85898	0.859663019
6.93595	0.86382724
7.01595	0.868041183
7.09595	0.872335924
7.17595	0.876593374
7.25595	0.880770025
7.33595	0.884977753
7.41595	0.889166835
7.49595	0.893355917
7.57595	0.897507708
7.65595	0.9015787
7.72868	0.905401082
7.80577	0.909037006
7.88577	0.913313101
7.96577	0.917309511
8.04577	0.921249982
8.12577	0.925296113
8.20577	0.92934846
8.28577	0.933264071
8.36577	0.937241834
8.44577	0.941250673
8.52577	0.945079271
8.60577	0.948938944
8.68577	0.952885631
8.76577	0.956850964
8.84577	0.960505534
8.92577	0.96467597
9.00577	0.968436199
9.08577	0.972258581
9.16577	0.975987735
9.24577	0.979810117
9.32577	0.983446041
9.40577	0.987131687
9.48577	0.990910562
9.56577	0.994558917
9.64577	0.998219702
9.72577	1.001749967
9.80577	1.005460475
9.88577	1.009021816
9.96577	1.012458852
10.0458	1.016200436
10.1258	1.019767992
10.2058	1.023192598
10.2858	1.027157931
10.3658	1.030588751
10.4458	1.033833114
10.5258	1.037338518
10.6058	1.040968228
10.6858	1.044312035
10.7658	1.046903796
10.8458	1.050943712
10.9258	1.054163214
11.0058	1.05760025
11.0858	1.060912982
11.1658	1.06418842
11.2458	1.067557089
11.3258	1.070757945
11.4048	1.073859358
11.4848	1.077495282
11.5648	1.080447529
11.6448	1.083667031
11.7248	1.086780873
11.8002	1.08962746
11.8802	1.088378194
11.9602	1.094462929
12.0402	1.097545695
12.1202	1.100715476
12.2002	1.103804457
12.2802	1.106843717
12.3602	1.109920268
12.4402	1.112934667
12.5202	1.115899344
12.5951	1.118739715
12.6751	1.121517935
12.7551	1.12432723
12.8351	1.127950723
12.9151	1.127801557
12.9951	1.132835914
13.0751	1.135433891
13.1551	1.138131311
13.2351	1.14077901
13.3151	1.143482646
13.3951	1.146291942
13.4751	1.149008008
13.5505	1.150972029
13.6305	1.15332761
13.7105	1.155049236
13.7905	1.158032558
13.8705	1.16036328
13.9505	1.162631847
14.0305	1.1648942
14.1105	1.166000515
14.1905	1.168107487
14.2705	1.171401572
14.3505	1.17221577
14.4185	1.175068572
14.4985	1.177063669
14.5785	1.179096058
14.6585	1.18109737
14.7385	1.182899795
14.8185	1.184086908
14.8985	1.186852697
14.9785	1.188300851
15.0585	1.19009706
15.1385	1.191669519
15.2185	1.193229549
15.2985	1.195056834
15.3785	1.196728737
15.4585	1.198263905
15.5385	1.199712059
15.6185	1.20129695
15.6985	1.198170677
15.7785	1.203826558
15.8585	1.203416352
15.9385	1.206492903
16.0185	1.201843892
16.0888	1.202142224
16.1688	1.203180172
16.2488	1.204615896
16.3288	1.204454299
16.4088	1.207394115
16.4888	1.207543282
16.5688	1.208798762
16.6469	1.209917508
16.7269	1.209749697
16.8046	1.210178549
16.8846	1.210675769
16.9646	1.212366319
17.0446	1.213074858
17.1246	1.214317909
17.2003	1.214970511
17.2803	1.215759849
17.3603	1.215989813
17.4403	1.217288801
17.5203	1.217686578
17.6003	1.218171367
17.6803	1.218606436
17.7603	1.219016642
17.8403	1.219426849
17.9203	1.219576015
18.0003	1.220048374
18.0803	1.221334933
18.1603	1.222142915
18.2403	1.222689858
18.3203	1.222894961
18.4003	1.222341804
18.4766	1.222261005
18.5566	1.222410171
18.6366	1.222863885
18.7166	1.223665653
18.7966	1.223671868
18.8766	1.224629017
18.9566	1.22419395
19.0366	1.224318255
19.1166	1.224001277
19.1857	1.22394534
19.2657	1.221266564
19.343	1.223131141
19.4082	1.225008148
19.4877	1.223547563
19.5677	1.225872068
19.6477	1.225524014
19.7277	1.225760194
19.8077	1.227711785
19.8877	1.22651224
19.9556	1.226375504
20.0352	1.226779496
20.1152	1.22968202
20.1952	1.228985911
20.2752	1.22833331
20.3552	1.228855391
20.4352	1.230570802
20.5152	1.231198543
20.5952	1.231658471
20.6752	1.232143261
20.7552	1.232329718
20.8352	1.232671558
20.9116	1.233032043
20.9916	1.233305514
21.0716	1.233616277
21.1516	1.23382138
21.2316	1.233802735
21.3116	1.233902179
21.3916	1.234001622
21.4715	1.233697074
21.5515	1.233728151
21.6315	1.234225371
21.7115	1.234231587
21.7915	1.23371572
21.8715	1.23223649
21.9515	1.229924415
22.0315	1.227568834
22.1082	1.229439626
22.1863	1.229644729
22.2663	1.229887123
22.3463	1.229905769
22.4263	1.229793895
22.5063	1.228625427
22.5863	1.229035634
22.6663	1.228296018
22.7463	1.228041193
22.8263	1.227829874
22.9063	1.224846552
22.9863	1.22566075
23.0663	1.225325127
23.1463	1.225020579
23.2263	1.224846552
23.3063	1.225070301
23.3863	1.224970857
23.4663	1.225039224
23.5463	1.225194606
23.6263	1.225207037
23.7063	1.223597286
23.7863	1.224964642
23.8663	1.224784399
23.9463	1.224803045
24.0263	1.224542004
24.1063	1.224082076
24.1863	1.22334246
24.2663	1.223640792
24.3463	1.218544283
24.4263	1.219358482
24.5063	1.219116087
24.5863	1.218861261
24.6663	1.219364697
24.7463	1.220371567
24.8263	1.220868788
24.9017	1.221204412
24.9817	1.221583543
25.0617	1.222062117
25.1417	1.222577984
25.2217	1.22236045
25.2991	1.222223714
25.3791	1.222422602
25.4568	1.220439936
25.5368	1.220390213
25.6168	1.218283242
25.6949	1.217201788
25.7749	1.217437967
25.8549	1.217071267
25.9349	1.215275058
26.0107	1.21727637
26.0907	1.217382031
26.1684	1.216835088
26.2484	1.217208003
26.3284	1.215977383
26.4084	1.215697696
26.4857	1.21507617
26.4874	1.215225337
26.4885	1.215032663
26.4887	1.214970511
26.4893	1.214535443
26.491	1.214392493
26.5041	1.21434277
26.5709	1.214050653
26.6509	1.212596284
26.7309	1.212664651
26.8109	1.208456923
26.8909	1.209364351
26.9709	1.20861852
27.0429	1.208009426
27.1119	1.207189011
27.1919	1.205386588
27.2696	1.205647629
27.3496	1.2077546
27.4296	1.20374576
27.5096	1.207406546
27.5896	1.205510893
27.6696	1.208090223
27.7496	1.201707156
27.8296	1.205430095
27.9096	1.198711404
27.9896	1.202247884
28.0696	1.198897861
28.1496	1.198792202
28.2296	1.199065673
28.3077	1.193739199
28.3877	1.199662338
28.4677	1.194360724
28.5397	1.196877903
28.6154	1.197474567
28.6837	1.196778459
28.7637	1.197623734
28.8437	1.196417974
28.9207	1.1974062
29.0007	1.196380683
29.0807	1.195137632
29.1607	1.1944726
29.2361	1.190898828
29.3131	1.189177202
29.3931	1.189668207
29.4731	1.190762092
29.5531	1.18827599
29.6061	1.189407166
29.616	1.187990089
29.6437	1.188375435
29.6781	1.188033595
29.7544	1.188555677
29.832	1.18935123
29.912	1.189512826
29.981	1.189935463
30.057	1.189749006
30.137	1.19045133
30.217	1.191103932
30.297	1.191290389
30.376	1.191626012
30.456	1.191911914
30.536	1.190998271
30.616	1.191010702
30.696	1.18876078
30.776	1.186485997
30.8554	1.184447393
30.9354	1.183894236
31.0154	1.183701562
31.0954	1.183763715
31.1754	1.180562858
31.2554	1.183210557
31.3354	1.181408134
31.4154	1.182769274
31.4954	1.178878524
31.5754	1.18083633
31.6554	1.181495147
31.7317	1.182060735
31.8117	1.179555987
31.8917	1.181010357
31.9717	1.181625667
32.0517	1.181631883
32.1317	1.181420563
32.2117	1.181389488
32.2917	1.180823899
32.3717	1.180705809
32.4517	1.180370186
32.5317	1.181171953
32.6117	1.179854319
32.6917	1.179145781
32.7677	1.174092778
32.8373	1.17830672
32.9053	1.177759779
32.9459	1.177237697
33.0229	1.173446391
33.1029	1.175553363
33.1806	1.174335172
33.2606	1.17609409
33.3406	1.175640377
33.4206	1.175627946
33.5006	1.175310968
33.5806	1.174826178
33.6606	1.174540277
33.7406	1.174496769
33.8206	1.173259934
33.9006	1.170910567
33.9806	1.167771863
34.0569	1.164024064
34.1369	1.162028967
34.2169	1.16172442
34.2969	1.159729323
34.3769	1.157622352
34.4569	1.156752216
34.5369	1.151270361
34.6169	1.145744999
34.6969	1.143482646
34.7769	1.136011909
34.8569	1.125091706
34.9336	1.114053413
35.0136	1.106812641
35.0936	1.107894095
35.1736	1.106508093
35.2536	1.105165598
35.3336	1.101293494
35.4136	1.103307237
35.4936	1.101169189
35.5736	1.101187835
35.6536	1.096768789
35.7336	1.094910427
35.8136	1.092150854
35.8936	1.08852736
35.9736	1.086625492
36.0536	1.083915641
36.1313	1.081647072
36.2113	1.079403365
36.2913	1.076998061
36.3713	1.075531261
36.4513	1.072523078
36.5303	1.071180583
36.6103	1.069695137
36.6903	1.066749106
36.7703	1.067227681
36.8503	1.066624801
36.9303	1.066394837
37.0103	1.066320253
37.0903	1.066314038
37.1703	1.064300295
37.248	1.063417729
37.327	1.064747794
37.407	1.063970887
37.487	1.062771343
37.567	1.060620864
37.647	1.058961391
37.7255	1.053989187
37.8055	1.051521731
37.8825	1.046102029
37.9625	1.041676766
38.0284	1.037935183
38.1084	1.032316592
38.187	1.028077788
38.2651	1.027151715
38.3386	1.022136004
38.4186	1.017835048
38.4986	1.008300846
38.5776	0.996690749
38.6562	0.992775139
38.7362	0.991606671
38.8152	0.98989126
38.8933	0.989064631
38.9733	0.988206926
39.0485	0.984173226
39.128	0.98463937
39.208	0.983868678
39.288	0.983613853
39.368	0.983402534
39.448	0.98233351
39.528	0.979306681
39.608	0.975552667
39.688	0.973955346
39.768	0.972326949
39.848	0.971189558
39.928	0.969927861
40	0.969728973