0.00485918	-0.012084818
0.0848592	0.021792052
0.164859	0.055667057
0.244859	0.089472949
0.324859	0.123206868
0.404859	0.156769246
0.484859	0.189644838
0.564859	0.21938732
0.644859	0.244177487
0.724859	0.263605131
0.804859	0.280981742
0.884859	0.294526026
0.964859	0.308683756
1.04486	0.321561143
1.12486	0.332241437
1.20486	0.343436355
1.28486	0.353362739
1.36486	0.363372407
1.44486	0.372188125
1.52486	0.381121312
1.60486	0.389521851
1.68486	0.397976462
1.76486	0.406442261
1.84486	0.413939723
1.92486	0.42151239
2.00486	0.42843432
2.08486	0.435763349
2.16486	0.443406248
2.24486	0.45006838
2.32486	0.456918213
2.40486	0.463414398
2.48486	0.469904367
2.56486	0.476050633
2.64486	0.482071972
2.72486	0.487984544
2.80434	0.493406112
2.88434	0.499401968
2.96434	0.504754546
3.04434	0.510347033
3.12434	0.515952571
3.20434	0.520843355
3.28434	0.526201527
3.36434	0.531422341
3.44434	0.536328042
3.52434	0.541234986
3.60434	0.546346412
3.68434	0.551117242
3.76434	0.556012998
3.84434	0.560504142
3.92434	0.565122076
4.00434	0.569661077
4.08434	0.574170866
4.16434	0.578595506
4.24434	0.582950536
4.32434	0.587333534
4.40434	0.591636976
4.48434	0.595775715
4.56434	0.599926262
4.63814	0.603920185
4.71683	0.607862522
4.78665	0.611327526
4.86665	0.615156123
4.94665	0.619240789
5.02362	0.623017178
5.10362	0.626783623
5.18362	0.630531422
5.26362	0.634098978
5.34311	0.637517369
5.42311	0.641066279
5.50311	0.644285781
5.58311	0.647399624
5.66311	0.650563189
5.74311	0.653565157
5.82311	0.656598202
5.90311	0.659569094
5.96511	0.661968182
6.02788	0.664124876
6.10788	0.667021185
6.18788	0.669873987
6.21509	0.670899504
6.28784	0.673460189
6.36784	0.676194901
6.44784	0.679159578
6.52784	0.68188186
6.60784	0.684591711
6.68784	0.687394791
6.76784	0.690104643
6.84784	0.692870431
6.92481	0.69540004
7.00481	0.698196905
7.08481	0.700925402
7.16481	0.703622823
7.24481	0.706276736
7.32481	0.70903631
7.40481	0.711739946
7.48481	0.714400075
7.56481	0.717128572
7.64481	0.71976384
7.71754	0.722293449
7.79463	0.72474226
7.87463	0.727452111
7.95463	0.730043872
8.03463	0.732685356
8.11463	0.735364131
8.19463	0.737949677
8.27463	0.74059116
8.35463	0.743282366
8.43463	0.745886558
8.51463	0.748528041
8.59463	0.751181955
8.67463	0.753761286
8.75463	0.756489783
8.83463	0.759168558
8.91463	0.761841118
8.99463	0.764538538
9.07463	0.76726082
9.15463	0.769970671
9.23463	0.772705384
9.31463	0.775440096
9.39463	0.778149947
9.47463	0.780890875
9.55463	0.783638018
9.63463	0.786378945
9.71463	0.789138518
9.79463	0.791804863
9.87463	0.794570651
9.95463	0.797274287
10.0346	0.800009
10.1146	0.802700205
10.1946	0.805354119
10.2746	0.808144769
10.3546	0.810705454
10.4346	0.813297215
10.5146	0.816050573
10.5946	0.818723133
10.6746	0.821370832
10.7546	0.823993669
10.8346	0.826684875
10.9146	0.829164762
10.9946	0.831831106
11.0746	0.834578249
11.1546	0.837070566
11.2346	0.839699619
11.3146	0.842316242
11.3936	0.844852066
11.4736	0.847425181
11.5536	0.850054234
11.6336	0.852565197
11.7136	0.855094806
11.7891	0.857692783
11.8691	0.860234822
11.9491	0.862807938
12.0291	0.865381054
12.1091	0.867960384
12.1891	0.870570792
12.2691	0.873032033
12.3491	0.875611364
12.4291	0.878240417
12.5091	0.880639505
12.584	0.883063454
12.664	0.885363099
12.744	0.887967291
12.824	0.890484469
12.904	0.892840051
12.984	0.895332368
13.064	0.897706596
13.144	0.900080823
13.224	0.902585571
13.304	0.904934937
13.384	0.907228367
13.464	0.909608809
13.5394	0.911790364
13.6194	0.914096224
13.6994	0.915774342
13.7794	0.918602284
13.8594	0.920839775
13.9394	0.923108344
14.0194	0.925296113
14.0994	0.927421731
14.1794	0.929572209
14.2594	0.931648104
14.3394	0.93373643
14.4074	0.935545069
14.4874	0.937558812
14.5674	0.939634707
14.6474	0.941673311
14.7274	0.943687053
14.8074	0.945756733
14.8874	0.947695893
14.9674	0.949635053
15.0474	0.951617719
15.1274	0.953606601
15.2074	0.955228782
15.2874	0.957341969
15.3674	0.959250052
15.4474	0.961114629
15.5274	0.962830039
15.6074	0.964632463
15.6874	0.966490825
15.7674	0.968243527
15.8474	0.97002109
15.9274	0.971761361
16.0074	0.973215731
16.0776	0.970853934
16.1576	0.960679561
16.2376	0.964868643
16.3176	0.967050198
16.3976	0.968038423
16.4776	0.96954873
16.5576	0.969977583
16.6357	0.971543827
16.7157	0.972762017
16.7934	0.974110728
16.8734	0.975459438
16.9534	0.976062318
17.0334	0.968050854
17.1134	0.964042014
17.1892	0.963582085
17.2692	0.964750553
17.3492	0.966074403
17.4292	0.967696584
17.5092	0.969219322
17.5892	0.970244839
17.6692	0.973470556
17.7492	0.974601733
17.8292	0.97599395
17.9092	0.977292938
17.9892	0.978436545
18.0692	0.97953043
18.1492	0.980450288
18.2292	0.981165042
18.3092	0.9809848
18.3892	0.982557259
18.4655	0.983949476
18.5455	0.985478429
18.6255	0.987019812
18.7055	0.988225572
18.7855	0.989213798
18.8655	0.990121225
18.9455	0.990444418
19.0255	0.992091461
19.1055	0.992296564
19.1745	0.992594896
19.2545	0.993278574
19.3319	0.994223293
19.3971	0.994844819
19.4765	0.995882766
19.5565	0.996734256
19.6365	0.997747343
19.7165	0.998723138
19.7965	0.999531121
19.8765	1.000382611
19.9444	1.001165733
20.0241	1.001855627
20.1041	1.001538649
20.1841	1.003378364
20.2641	1.00399989
20.3441	1.004652491
20.4241	1.005416968
20.5041	1.0057153
20.5841	1.005280232
20.6641	1.003341073
20.7441	0.999835669
20.8241	0.996398633
20.9004	0.995876551
20.9804	0.995261241
21.0604	0.991973371
21.1404	0.992054169
21.2204	0.983048264
21.3004	0.982439169
21.3804	0.981084244
21.4604	0.981444729
21.5404	0.981699554
21.6204	0.981189903
21.7004	0.982420524
21.7804	0.983197431
21.8604	0.983682221
21.9404	0.983644929
22.0204	0.982606981
22.097	0.981500666
22.1752	0.978131998
22.2552	0.979288035
22.3352	0.980524871
22.4152	0.978411684
22.4952	0.978374393
22.5752	0.979194806
22.6552	0.98026383
22.7352	0.98087914
22.8152	0.981357715
22.8952	0.980991015
22.9752	0.977933109
23.0552	0.979605013
23.1352	0.979760394
23.2152	0.980319767
23.2952	0.980593239
23.3752	0.980332198
23.4552	0.976149331
23.5352	0.976261206
23.6152	0.972376671
23.6952	0.970008659
23.7752	0.967802243
23.8552	0.970120534
23.9352	0.966273291
24.0152	0.968858837
24.0952	0.964812706
24.1752	0.968119222
24.2552	0.965415586
24.3352	0.967771167
24.4152	0.967914118
24.4952	0.966167631
24.5752	0.963234031
24.6552	0.965664196
24.7352	0.96637895
24.8152	0.964023368
24.8906	0.961829383
24.9706	0.963488856
25.0506	0.963345906
25.1306	0.962077993
25.2106	0.962196083
25.2879	0.962643582
25.3679	0.962755456
25.4456	0.960959248
25.5256	0.962711949
25.6056	0.96210907
25.6838	0.961680217
25.7638	0.961475114
25.8438	0.96100897
25.9238	0.960897095
25.9995	0.960747929
26.0795	0.959896439
26.1573	0.959722412
26.2373	0.959281129
26.3173	0.958156167
26.3973	0.957112005
26.4746	0.952779972
26.4762	0.953389067
26.4773	0.952071433
26.4776	0.951313172
26.4782	0.949902309
26.4799	0.949498317
26.493	0.949641268
26.5597	0.95054248
26.6397	0.951002409
26.7197	0.952034141
26.7997	0.952562438
26.8797	0.952680528
26.9597	0.952518931
27.0317	0.951853899
27.1007	0.950511404
27.1807	0.949554254
27.2585	0.949181339
27.3385	0.946819542
27.4185	0.944911459
27.4985	0.942823133
27.5785	0.943090389
27.6585	0.942928792
27.7385	0.942636675
27.8185	0.94164845
27.8985	0.939727936
27.9785	0.94007599
28.0585	0.936806766
28.1385	0.933717784
28.2185	0.928117839
28.2966	0.922859733
28.3766	0.919167872
28.4566	0.916781214
28.5286	0.915432503
28.6042	0.913959488
28.6726	0.911566615
28.7526	0.91133665
28.8326	0.910864291
28.9095	0.910528667
28.9895	0.909913357
29.0695	0.909590164
29.1495	0.90985742
29.225	0.908054996
29.3019	0.907060555
29.3819	0.90486657
29.4619	0.90426369
29.5419	0.904667682
29.5949	0.903952927
29.6049	0.903020639
29.6325	0.902032413
29.667	0.899446867
29.7432	0.897861977
29.8208	0.897470416
29.9008	0.897315035
29.9698	0.897109931
30.0458	0.897041563
30.1258	0.896973196
30.2058	0.896898613
30.2858	0.896556773
30.3648	0.896320594
30.4448	0.896301948
30.5248	0.895829589
30.6048	0.893884214
30.6848	0.888458296
30.7648	0.888433435
30.8443	0.887805694
30.9243	0.887687604
31.0043	0.887526008
31.0843	0.887445209
31.1643	0.887146877
31.2443	0.886966635
31.3243	0.887159308
31.4043	0.887109586
31.4843	0.887283613
31.5643	0.88733955
31.6443	0.887314689
31.7206	0.887401703
31.8006	0.886997711
31.8806	0.886773962
31.9606	0.886575074
32.0406	0.885680077
32.1206	0.885524696
32.2006	0.884057895
32.2806	0.884312721
32.3606	0.882852136
32.4406	0.882908073
32.5206	0.879377808
32.6006	0.87906083
32.6806	0.879502113
32.7566	0.878837081
32.8262	0.876966289
32.8942	0.875928342
32.9347	0.873504392
33.0118	0.869483122
33.0918	0.865051645
33.1695	0.86467873
33.2495	0.861782421
33.3295	0.855424215
33.4095	0.849333265
33.4895	0.846648274
33.5695	0.846008103
33.6495	0.8447029
33.7295	0.84311801
33.8095	0.839680973
33.8895	0.830432674
33.9695	0.818810147
34.0458	0.805503285
34.1258	0.794987073
34.2058	0.791015525
34.2858	0.786720784
34.3658	0.781928822
34.4458	0.776975264
34.5258	0.768516302
34.6058	0.758435158
34.6858	0.750249667
34.7658	0.741200255
34.8458	0.729211028
34.9224	0.712473346
35.0024	0.706618576
35.0824	0.701795537
35.1624	0.69892409
35.2424	0.695275735
35.3224	0.692068663
35.4024	0.690353253
35.4824	0.688557044
35.5624	0.686226323
35.6424	0.682093179
35.7224	0.678320519
35.8024	0.674230881
35.8824	0.66897899
35.9624	0.665293344
36.0424	0.661980613
36.1201	0.658798402
36.2001	0.656908965
36.2801	0.654578244
36.3601	0.654261266
36.4401	0.652850403
36.5191	0.651613567
36.5991	0.651134993
36.6791	0.649028021
36.7591	0.648226253
36.8391	0.648288406
36.9191	0.64790306
36.9991	0.647853338
37.0791	0.647610943
37.1591	0.647076431
37.2369	0.646796744
37.3159	0.646585426
37.3959	0.646454906
37.4759	0.646274663
37.5559	0.646019838
37.6359	0.644590329
37.7144	0.644385226
37.7944	0.643347278
37.8714	0.641016557
37.9514	0.63658508
38.0173	0.632688115
38.0973	0.627976952
38.1758	0.625111719
38.2539	0.624384534
38.3275	0.6234336
38.4075	0.622432944
38.4875	0.618029436
38.5665	0.615394168
38.645	0.614931753
38.725	0.61361474
38.804	0.610586046
38.8821	0.609062066
38.9621	0.607635043
39.0373	0.606878025
39.1168	0.606280739
39.1968	0.60592274
39.2768	0.605562877
39.3568	0.604434808
39.4368	0.603309226
39.5168	0.604279427
39.5968	0.604041383
39.6768	0.603857411
39.7568	0.603618124
39.8368	0.603509357
39.9168	0.603524895
39.9889	0.60337635