0.00135893	-0.016700142
0.0813589	0.01504359
0.161359	0.044917214
0.241359	0.074771384
0.321359	0.10458472
0.401359	0.134379411
0.481359	0.164045445
0.561359	0.192619459
0.641359	0.218111328
0.721359	0.240126383
0.801359	0.259031325
0.881359	0.274745355
0.961359	0.288850876
1.04136	0.301667976
1.12136	0.313054323
1.20136	0.324382869
1.28136	0.333853053
1.36136	0.343423303
1.44136	0.352626231
1.52136	0.360732167
1.60136	0.369484489
1.68136	0.377397131
1.76136	0.385146932
1.84136	0.392604617
1.92136	0.399402863
2.00136	0.406748673
2.08136	0.413591048
2.16136	0.420109607
2.24136	0.426968141
2.32136	0.432994453
2.40136	0.439532901
2.48136	0.445828955
2.56136	0.451715423
2.64136	0.457732411
2.72136	0.463181947
2.80136	0.469527101
2.88136	0.47447258
2.96136	0.479809619
3.04136	0.485056538
3.12136	0.490330182
3.20136	0.495089824
3.28136	0.499786692
3.36136	0.504957785
3.44136	0.509798226
3.52136	0.514496337
3.60136	0.518352281
3.68136	0.523831029
3.76136	0.528303526
3.84136	0.532491987
3.92136	0.537086303
4.00136	0.541320757
4.08136	0.545562047
4.16136	0.549936965
4.24136	0.554062651
4.32136	0.558046008
4.40136	0.562060442
4.48136	0.566123975
4.56136	0.570023427
4.64136	0.573943388
4.72136	0.57778628
4.80136	0.581599961
4.88136	0.585307361
4.96136	0.588944528
5.04136	0.592620851
5.12136	0.596245588
5.20136	0.599821846
5.28136	0.60329058
5.36136	0.606675408
5.44136	0.610208159
5.52136	0.613432633
5.60136	0.616770847
5.68136	0.61988469
5.76136	0.62293638
5.84136	0.62585755
5.92136	0.628747643
6.00136	0.631768257
6.08136	0.634409741
6.16136	0.637045009
6.24136	0.639736215
6.32136	0.64241499
6.40136	0.645000536
6.48136	0.647679311
6.56136	0.65009083
6.64136	0.652632869
6.72136	0.6552122
6.80136	0.657673441
6.88136	0.660209265
6.96136	0.662695367
7.04136	0.665106886
7.12136	0.667524621
7.20136	0.669929924
7.28136	0.672335228
7.36136	0.674802684
7.44136	0.677183127
7.52136	0.67956357
7.60136	0.681975089
7.68136	0.684355532
7.76136	0.686661391
7.84136	0.689029403
7.92136	0.691403631
8.00136	0.693734352
8.0799	0.696021565
8.1599	0.698283918
8.2399	0.700664361
8.3199	0.702982651
8.3999	0.705257435
8.4799	0.707631662
8.5599	0.709956168
8.6399	0.712237166
8.7199	0.714468443
8.7999	0.716836455
8.8799	0.719049086
8.9599	0.721317654
9.0399	0.723598653
9.1199	0.725892082
9.1999	0.728129574
9.2799	0.730435433
9.3599	0.732735078
9.4399	0.735072014
9.5199	0.737321936
9.5999	0.739677518
9.6799	0.74191501
9.7599	0.744214654
9.8399	0.746570236
9.9199	0.74886988
9.9999	0.751225462
10.0799	0.753525106
10.1599	0.755855827
10.2399	0.758217624
10.3199	0.760647789
10.3999	0.762959864
10.4799	0.765228432
10.5599	0.767652381
10.6399	0.770076331
10.7199	0.772537572
10.7999	0.775085826
10.8799	0.777385471
10.9599	0.779741053
11.0399	0.782034482
11.1199	0.784358987
11.1999	0.786726999
11.2799	0.789169595
11.3599	0.791531392
11.4399	0.793768883
11.5199	0.796099604
11.5999	0.798480047
11.6799	0.800897781
11.7599	0.803135273
11.8399	0.805441133
11.9199	0.807728347
11.9999	0.810102574
12.0799	0.812408434
12.1599	0.81462728
12.2399	0.816939355
12.3199	0.81926386
12.3999	0.821557289
12.4799	0.823832073
12.5599	0.826156578
12.6399	0.828362994
12.7199	0.830650208
12.7999	0.832987144
12.8799	0.835274358
12.9599	0.837530495
13.0399	0.839786633
13.1199	0.842104923
13.1999	0.8443362
13.2799	0.84666692
13.3599	0.848891982
13.4399	0.851185411
13.5199	0.853441548
13.5999	0.855647964
13.6799	0.85785438
13.7599	0.860110517
13.8399	0.862341794
13.9199	0.864535779
13.9999	0.866729764
14.0799	0.868992117
14.1599	0.871161241
14.2399	0.873330365
14.3199	0.875598933
14.3999	0.877637537
14.4799	0.879850168
14.5599	0.882000646
14.6399	0.884070326
14.7199	0.886264311
14.7999	0.888358852
14.8799	0.890515546
14.9599	0.892597656
15.0399	0.894816502
15.1199	0.896768092
15.1999	0.898769404
15.2799	0.900826654
15.3599	0.902840396
15.4399	0.904798202
15.5199	0.906644133
15.5999	0.908546001
15.6799	0.910534882
15.7599	0.912474042
15.8399	0.914394556
15.9199	0.91631507
15.9999	0.918173431
16.0799	0.92008773
16.1599	0.921983382
16.2399	0.923823098
16.3199	0.925650383
16.3999	0.927502529
16.4799	0.929342244
16.5599	0.931144668
16.6399	0.932971954
16.7199	0.934712225
16.7999	0.936489788
16.8799	0.938248705
16.9599	0.94006356
17.0399	0.941816262
17.1199	0.943606255
17.1999	0.945309235
17.2799	0.946974923
17.3599	0.948640612
17.4399	0.950300085
17.5199	0.952046572
17.5999	0.95359417
17.6799	0.955346872
17.7599	0.956154855
17.8399	0.957957279
17.9199	0.95967269
17.9999	0.961263795
18.0799	0.962935699
18.1599	0.964470867
18.2399	0.966173847
18.3199	0.967292593
18.3999	0.967056413
18.4799	0.954868297
18.5599	0.957683808
18.6399	0.941101507
18.7199	0.945073055
18.7999	0.94361247
18.8799	0.945259513
18.9599	0.946558501
19.0399	0.948056378
19.1199	0.949659914
19.1999	0.95151206
19.2799	0.952960214
19.3599	0.954302709
19.4399	0.955464962
19.5199	0.956782596
19.5999	0.958106445
19.6799	0.959573246
19.7599	0.960872234
19.8399	0.962165007
19.9199	0.963886633
19.9999	0.965415586
20.0799	0.966720789
20.1599	0.967870611
20.2399	0.968964496
20.3199	0.970623969
20.3999	0.971705424
20.4799	0.972681219
20.5599	0.972973336
20.6399	0.972861461
20.7199	0.974141804
20.7999	0.974987078
20.8799	0.975906936
20.9599	0.976640336
21.0399	0.977361306
21.1199	0.978026338
21.1999	0.978641649
21.2799	0.978480052
21.3599	0.978803245
21.4399	0.97964852
21.5199	0.980363274
21.5999	0.981065598
21.6799	0.981761707
21.7599	0.98184872
21.8399	0.982675349
21.9199	0.984079997
21.9999	0.984558571
22.0799	0.985571658
22.1599	0.986416933
22.2399	0.986740126
22.3199	0.986665543
22.3999	0.988250433
22.4799	0.989021125
22.5599	0.989754525
22.6399	0.990531432
22.7199	0.991370491
22.7999	0.991743406
22.8799	0.991339415
22.9599	0.987902379
23.0399	0.989536991
23.1199	0.986876862
23.1999	0.983992983
23.2799	0.988082621
23.3599	0.989070847
23.4399	0.989885045
23.5199	0.989810462
23.5999	0.982308649
23.6799	0.976547108
23.7599	0.975515375
23.8399	0.975751555
23.9199	0.976323358
23.9999	0.973259238
24.0799	0.974800621
24.1599	0.975546451
24.2399	0.976429018
24.3199	0.977075404
24.3999	0.97757884
24.4799	0.977560194
24.5599	0.976310928
24.6399	0.977870957
24.7199	0.977752867
24.7999	0.978038769
24.8799	0.977640992
24.9599	0.974999509
25.0399	0.972283442
25.1114	0.971357369
25.1904	0.974589302
25.2704	0.975030585
25.3504	0.974017499
25.4207	0.968691025
25.4992	0.964626248
25.5792	0.965769855
25.6592	0.96552746
25.7392	0.965222913
25.8192	0.964253333
25.8992	0.963855556
25.9792	0.960754144
26.0592	0.959734842
26.1392	0.960710637
26.2192	0.962146361
26.2992	0.963675314
26.3792	0.964464652
26.4592	0.964837567
26.5392	0.965253989
26.6192	0.965608258
26.6992	0.96588173
26.7792	0.965123469
26.8592	0.964390068
26.9392	0.963289968
27.0192	0.961966119
27.0992	0.962090424
27.1792	0.96320917
27.2592	0.963836911
27.3392	0.964160104
27.4192	0.964402499
27.4992	0.963594516
27.5792	0.963930139
27.6592	0.963258892
27.7392	0.963582085
27.8192	0.963836911
27.8992	0.962830039
27.9792	0.961033831
28.0592	0.961531051
28.1392	0.960250708
28.2192	0.955023679
28.2992	0.949063249
28.3792	0.94982151
28.4592	0.94749079
28.5392	0.943879726
28.6192	0.942021365
28.6992	0.938267351
28.7792	0.936228747
28.8592	0.934401462
28.9392	0.927726278
29.0192	0.924668373
29.0992	0.925202885
29.1792	0.92642729
29.2592	0.924631081
29.3392	0.925743612
29.4192	0.926184895
29.4992	0.925451495
29.5792	0.925084795
29.6592	0.924196013
29.7392	0.923301017
29.8173	0.922014459
29.8973	0.919354329
29.9773	0.917645134
30.0573	0.916252917
30.1373	0.915370351
30.2173	0.915040942
30.2973	0.914792332
30.3773	0.914798547
30.4573	0.914649381
30.5373	0.913996779
30.6173	0.909764191
30.6973	0.907725587
30.7773	0.907334026
30.8573	0.905326499
30.9373	0.905357575
31.0173	0.90512761
31.0973	0.904064802
31.1773	0.904120739
31.2573	0.904754695
31.3373	0.904661466
31.4173	0.904804417
31.4973	0.904269905
31.5773	0.904213968
31.6573	0.903325186
31.7373	0.90329411
31.8173	0.902579356
31.8968	0.902653939
31.9768	0.902225086
32.0568	0.901715435
32.1368	0.89914232
32.2168	0.894294421
32.2968	0.892442275
32.3768	0.891329744
32.4568	0.889912666
32.5368	0.889005238
32.6168	0.888097811
32.6968	0.887078509
32.7768	0.886090284
32.8568	0.886338894
32.9368	0.884362443
33.0168	0.883672549
33.0953	0.881323183
33.1753	0.879713432
33.2553	0.87490904
33.3353	0.874101057
33.4153	0.871708183
33.4879	0.871030721
33.5648	0.870173015
33.6448	0.868731076
33.686	0.868078474
33.7061	0.864852757
33.7733	0.864386613
33.8533	0.856903446
33.9333	0.849364341
34.0133	0.829313928
34.0914	0.79344569
34.1715	0.744183578
34.2514	0.718017353
34.3315	0.705431462
34.3997	0.693777858
34.4797	0.687015661
34.5597	0.677966249
34.6397	0.673932549
34.7197	0.671937452
34.7997	0.670713046
34.8797	0.670532804
34.9597	0.67018475
35.0397	0.669936139
35.116	0.669631592
35.196	0.667680002
35.276	0.667773231
35.356	0.666001883
35.432	0.665933515
35.512	0.664429423
35.592	0.662658076
35.672	0.66228516
35.752	0.660389508
35.832	0.659618816
35.912	0.660184404
35.9915	0.659432358
36.0715	0.658226599
36.1515	0.658276321
36.2315	0.6555789
36.3115	0.651849747
36.3915	0.647691741
36.4661	0.64327891
36.5462	0.643129744
36.6261	0.6411968
36.7062	0.641749957
36.7861	0.640133991
36.8661	0.639549757
36.9341	0.638716913
36.9455	0.637940006
36.9674	0.635460119
37.0357	0.633520959
37.1157	0.633197766
37.1957	0.633104537
37.2757	0.631849056
37.3557	0.629885035
37.4357	0.62524224
37.5157	0.623135268
37.5957	0.622364576
37.6757	0.621711975
37.7557	0.620010238
37.8357	0.618840527
37.9157	0.61816555
37.9957	0.617048047
38.0757	0.616587497
38.1482	0.616205259
38.2282	0.616166724
38.3082	0.61528105
38.3882	0.614399727
38.4682	0.609745744
38.5482	0.605699613
38.6282	0.60411783
38.7082	0.603646092
38.7882	0.603350246
38.8682	0.602926987
38.9482	0.602383153
39.0282	0.601271865
39.1082	0.600921946
39.1882	0.600848606
39.2682	0.601317236
39.3482	0.601393684
39.4282	0.600736732
39.5082	0.599312817
39.5882	0.597382358
39.6682	0.598807516
39.7482	0.598235713
39.8282	0.597889523
39.9082	0.597791322
39.9854	0.597116345
