0.0158672	0.003248314
0.0958672	0.019592364
0.175867	0.036936332
0.255867	0.054243506
0.335867	0.071472449
0.415867	0.088630558
0.495867	0.105764664
0.575867	0.122777566
0.655867	0.139345401
0.735867	0.155699556
0.815867	0.171777857
0.895867	0.186738964
0.975867	0.201103499
1.05587	0.214023829
1.13587	0.226512078
1.21587	0.237776096
1.29587	0.248004773
1.37587	0.257795859
1.45587	0.267135188
1.53587	0.276078245
1.61587	0.28433383
1.69587	0.292246267
1.77587	0.30012683
1.85587	0.307129458
1.93587	0.313857411
2.01587	0.320874598
2.09587	0.327415631
2.17587	0.333733933
2.25587	0.340338716
2.33587	0.346001419
2.41587	0.351762502
2.49587	0.357432682
2.57587	0.362306385
2.65587	0.367651127
2.73587	0.372528765
2.81587	0.377338718
2.89587	0.381890131
2.97587	0.386718973
3.05587	0.390704902
3.13587	0.394854535
3.21587	0.399336688
3.29587	0.403295465
3.37587	0.407470676
3.45587	0.411449129
3.53587	0.415364619
3.61587	0.419768069
3.69587	0.422499074
3.77587	0.42680021
3.85587	0.430841626
3.93587	0.434595774
4.01587	0.438401079
4.09587	0.441993886
4.17587	0.445838543
4.25587	0.449553339
4.33587	0.453209108
4.41587	0.456916034
4.49587	0.460410461
4.57587	0.464081971
4.65587	0.467655102
4.73587	0.471192816
4.81587	0.474643956
4.89587	0.47828792
4.97587	0.481805958
5.05587	0.484969831
5.13587	0.488653146
5.21587	0.49206887
5.29587	0.495551492
5.37587	0.498982956
5.45587	0.502386875
5.53587	0.505775053
5.61587	0.509159295
5.69587	0.512366455
5.77587	0.515876623
5.85587	0.519174292
5.93587	0.52244048
6.01587	0.525686991
6.09587	0.528949244
6.17587	0.532187885
6.25587	0.535320277
6.33587	0.538551048
6.41587	0.541679505
6.49587	0.544804027
6.57587	0.547928548
6.65587	0.550911404
6.73587	0.554126434
6.81587	0.557207669
6.89587	0.56030858
6.97587	0.563311111
7.05587	0.5663648
7.13587	0.569351591
7.21587	0.572310836
7.29587	0.575305497
7.37587	0.57822539
7.45587	0.581141348
7.53587	0.584080916
7.61587	0.586973263
7.69587	0.589818388
7.77587	0.592647772
7.85587	0.595481092
7.93587	0.598314411
8.01587	0.601088703
8.09441	0.603839384
8.17441	0.606609741
8.25441	0.609360421
8.33441	0.612099297
8.41441	0.614865718
8.49441	0.617521955
8.57441	0.62023722
8.65441	0.622861975
8.73441	0.625596916
8.81441	0.628127227
8.89441	0.630712631
8.97441	0.63330984
9.05441	0.635875568
9.13441	0.638409815
9.21441	0.640869294
9.29441	0.643462568
9.37441	0.645914176
9.45441	0.648464164
9.53441	0.651002346
9.61441	0.653418538
9.69441	0.655889822
9.77441	0.658286338
9.85441	0.660690724
9.93441	0.66309511
10.0144	0.665377506
10.0944	0.667801568
10.1744	0.670170538
10.2544	0.67245687
10.3344	0.67471172
10.4144	0.677061014
10.4944	0.679268642
10.5744	0.681432983
10.6544	0.68363274
10.7344	0.685741989
10.8144	0.687870914
10.8944	0.689960487
10.9744	0.692026449
11.0544	0.694001902
11.1344	0.696103281
11.2144	0.698110215
11.2944	0.700172242
11.3744	0.702277556
11.4544	0.704095602
11.5344	0.706000223
11.6144	0.708074055
11.6944	0.709943259
11.7744	0.711836074
11.8544	0.713764305
11.9344	0.71565712
12.0144	0.717506647
12.0944	0.719360111
12.1744	0.721292277
12.2544	0.723161481
12.3344	0.725003138
12.4144	0.726868407
12.4944	0.728446408
12.5744	0.730571398
12.6544	0.732291065
12.7344	0.734120917
12.8144	0.735887807
12.8944	0.737591734
12.9744	0.739354688
13.0544	0.741054679
13.1344	0.742821569
13.2144	0.74438383
13.2944	0.746024794
13.3744	0.747732656
13.4544	0.749420842
13.5344	0.751077547
13.6144	0.752738187
13.6944	0.754371281
13.7744	0.756027985
13.8544	0.757582376
13.9344	0.759061998
14.0144	0.760632129
14.0944	0.762229807
14.1744	0.763764521
14.2544	0.765232338
14.3344	0.76670409
14.4144	0.768282092
14.4944	0.769549215
14.5744	0.771670269
14.6544	0.772823273
14.7344	0.774271414
14.8144	0.775011225
14.8944	0.777250334
14.9744	0.778710281
15.0544	0.777525796
15.1344	0.780378791
15.2144	0.781842673
15.2944	0.783062574
15.3744	0.783078315
15.4544	0.780063978
15.5344	0.779379259
15.6144	0.782586419
15.6944	0.784010949
15.7744	0.785203304
15.8544	0.786678992
15.9344	0.787910698
16.0144	0.786749825
16.0944	0.776183904
16.1744	0.777938988
16.2544	0.779442222
16.3344	0.780957261
16.4144	0.782188967
16.4944	0.783507248
16.5744	0.784656316
16.6544	0.785474831
16.7344	0.786084782
16.8144	0.787257461
16.8944	0.788359307
16.9744	0.789575274
17.0544	0.78819403
17.1344	0.79162943
17.2144	0.792526648
17.2944	0.792912294
17.3744	0.79434863
17.4544	0.795265523
17.5344	0.793581272
17.6144	0.797351161
17.6944	0.798189352
17.7744	0.798960644
17.8544	0.79993263
17.9344	0.800924292
18.0144	0.801888407
18.0944	0.802754144
18.1744	0.80361988
18.2544	0.803556918
18.3344	0.805327742
18.4144	0.806693245
18.4944	0.807086761
18.5744	0.807976109
18.6544	0.808822169
18.7344	0.809613138
18.8144	0.810341143
18.8944	0.810120774
18.9744	0.810911742
19.0544	0.811624008
19.1344	0.811317065
19.2144	0.812119838
19.2944	0.812780946
19.3744	0.813949691
19.4544	0.814862649
19.5344	0.815570979
19.6144	0.816129772
19.6944	0.816696436
19.7744	0.817436247
19.8544	0.817609395
19.9344	0.816102226
20.0144	0.815968431
20.0944	0.816220281
20.1744	0.81584644
20.2544	0.816806621
20.3344	0.817428377
20.4144	0.818061939
20.4944	0.818545964
20.5744	0.818597121
20.6544	0.817987171
20.7344	0.815755932
20.8144	0.808893002
20.8944	0.803486085
20.9744	0.804765014
21.0544	0.805626815
21.1344	0.80610297
21.2144	0.806476811
21.2944	0.805736999
21.3744	0.804481682
21.4544	0.800341887
21.5344	0.799877538
21.6144	0.800432396
21.6944	0.800196286
21.7744	0.799570595
21.8544	0.79660348
21.9344	0.797008802
22.0144	0.797158338
22.0944	0.796871071
22.1744	0.794372241
22.2544	0.794596545
22.3344	0.794848396
22.4144	0.795182885
22.4944	0.795466217
22.5744	0.79541506
22.6544	0.795662975
22.7344	0.795694456
22.8144	0.795237977
22.8944	0.796268991
22.9744	0.796418527
23.0544	0.79637524
23.1344	0.796308342
23.2144	0.796390981
23.2944	0.796249315
23.3744	0.796268991
23.4544	0.795993529
23.5344	0.795588207
23.6144	0.796080103
23.6944	0.796678248
23.7744	0.796819914
23.8544	0.796957645
23.9344	0.796934034
24.0144	0.796579869
24.0944	0.796434268
24.1744	0.796288666
24.2544	0.795910891
24.3344	0.795533115
24.4144	0.795871539
24.4944	0.792259057
24.5744	0.789563468
24.6544	0.781618368
24.7344	0.781075316
24.8144	0.781850543
24.8944	0.781862349
24.9744	0.782307022
25.0544	0.782818594
25.1259	0.781476702
25.2049	0.781807256
25.2849	0.782857946
25.3649	0.783680395
25.4352	0.783881089
25.5137	0.784660252
25.5937	0.78497113
25.6737	0.784239189
25.7537	0.784640576
25.8337	0.785156082
25.9137	0.782822529
25.9937	0.783227851
26.0737	0.783424609
26.1537	0.78308225
26.2337	0.782082718
26.3137	0.780689669
26.3937	0.779320232
26.4737	0.777462833
26.5537	0.777175566
26.6337	0.774940392
26.7137	0.769246207
26.7937	0.766397147
26.8737	0.756248355
26.9537	0.750022922
27.0337	0.748472467
27.1137	0.748480337
27.1937	0.748641679
27.2737	0.747693304
27.3537	0.746941688
27.4337	0.746327802
27.5137	0.744108368
27.5937	0.742341479
27.6737	0.732397315
27.7537	0.726203364
27.8337	0.731803105
27.9137	0.731842456
27.9937	0.73027626
28.0737	0.729355432
28.1537	0.72729734
28.2337	0.726431603
28.3137	0.727517709
28.3937	0.72883599
28.4737	0.729024878
28.5537	0.729453811
28.6337	0.729894549
28.7137	0.730087372
28.7937	0.730449408
28.8737	0.73037464
28.9537	0.729855198
29.0337	0.726600816
29.1137	0.721662183
29.1937	0.719218445
29.2737	0.717581416
29.3537	0.715546935
29.4337	0.711418946
29.5137	0.707224059
29.5937	0.701156034
29.6737	0.699550486
29.7537	0.694474122
29.8318	0.690432707
29.9118	0.686969761
29.9918	0.687560036
30.0718	0.686918604
30.1518	0.687489203
30.2318	0.684171858
30.3118	0.682050804
30.3918	0.681145716
30.4718	0.68100405
30.5518	0.680590857
30.6318	0.680032064
30.7118	0.679819565
30.7918	0.678269109
30.8718	0.677808695
30.9518	0.677352216
31.0318	0.674389036
31.1118	0.675699446
31.1918	0.674798293
31.2718	0.672126316
31.3518	0.675298059
31.4318	0.670198084
31.5118	0.673964038
31.5918	0.671414051
31.6718	0.665676579
31.7518	0.658148607
31.8318	0.646835005
31.9113	0.642317435
31.9913	0.642427619
32.0713	0.638378334
32.1513	0.638244538
32.2313	0.636768851
32.3113	0.637197784
32.3913	0.632908453
32.4713	0.632636927
32.5513	0.631173045
32.6313	0.632148967
32.7113	0.626265894
32.7913	0.627824219
32.8713	0.626734178
32.9513	0.626136033
33.0313	0.627210333
33.1099	0.626714503
33.1899	0.62630131
33.2699	0.626513809
33.3499	0.626561031
33.4299	0.625266362
33.5024	0.626254088
33.5793	0.624699698
33.6593	0.625895988
33.7005	0.624121228
33.7206	0.619135373
33.7878	0.604661833
33.8678	0.594658642
33.9478	0.58463184
34.0278	0.566046052
34.106	0.544032734
34.186	0.519138876
34.266	0.511319701
34.346	0.507805598
34.4142	0.507624581
34.4942	0.503417888
34.5742	0.501052854
34.6542	0.497908656
34.7342	0.499093141
34.8142	0.494949411
34.8942	0.49574825
34.9742	0.493316318
35.0542	0.493587844
35.1305	0.492167249
35.2105	0.492049194
35.2905	0.490746654
35.3705	0.489223745
35.4465	0.489184394
35.5265	0.489086014
35.6065	0.488842034
35.6865	0.488302916
35.7665	0.487755928
35.8465	0.488117964
35.9265	0.488007779
36.006	0.487936946
36.086	0.488114028
36.166	0.488239954
36.246	0.488216343
36.326	0.488519351
36.406	0.488358009
36.4807	0.487338801
36.5607	0.487570976
36.6407	0.487728382
36.7207	0.487598522
36.8007	0.487283709
36.8807	0.486661952
36.9487	0.486016585
36.96	0.485095756
36.9819	0.484411038
37.0502	0.483537431
37.1302	0.484041132
37.2102	0.484233955
37.2902	0.483541366
37.3702	0.481959429
37.4502	0.48079462
37.5302	0.480853648
37.6102	0.481443923
37.6902	0.480621473
37.7702	0.480090226
37.8502	0.479381896
37.9302	0.478437456
38.0102	0.477862922
38.0902	0.478110837
38.1627	0.476922417
38.2427	0.476103903
38.3227	0.475226361
38.4027	0.474939093
38.4827	0.471192816
38.5627	0.469150465
38.6427	0.469347223
38.7227	0.467230104
38.8027	0.469036345
38.8827	0.468650699
38.9627	0.467840054
39.0427	0.466226636
39.1227	0.46501067
39.2027	0.464849328
39.2827	0.46417248
39.3627	0.464444006
39.4427	0.46370026
39.5227	0.46323591
39.6027	0.461815316
39.6827	0.462346563
39.7627	0.461130597
39.8427	0.461166013
39.9227	0.460591479
39.9999	0.460079907