-0.0026722	-0.014647159
0.0773278	-0.000698779
0.157328	0.013259384
0.237328	0.027215646
0.317328	0.041173246
0.397328	0.055134427
0.477328	0.069089312
0.557328	0.083050493
0.637328	0.097006952
0.717328	0.110967346
0.797328	0.124929708
0.877328	0.138930634
0.957328	0.152809571
1.03733	0.16566379
1.11733	0.177730976
1.19733	0.188632565
1.27733	0.197909719
1.35733	0.206359307
1.43733	0.214008482
1.51733	0.221296409
1.59733	0.227817372
1.67733	0.233858245
1.75733	0.239720462
1.83733	0.245356406
1.91733	0.250408372
1.99733	0.255438301
2.07733	0.260341124
2.15733	0.26470601
2.23733	0.269220825
2.31733	0.273660086
2.39733	0.278022611
2.47733	0.282318238
2.55733	0.285911831
2.63733	0.289934751
2.71733	0.293930518
2.79733	0.29711328
2.87733	0.300884743
2.95733	0.304564123
3.03733	0.307816538
3.11733	0.311486867
3.19733	0.314318612
3.27733	0.318005469
3.35733	0.321137861
3.43733	0.32442215
3.51733	0.32729246
3.59733	0.330251705
3.67487	0.3331047
3.75487	0.33611156
3.83487	0.338783931
3.91487	0.341596394
3.99004	0.343986221
4.07004	0.346618847
4.15004	0.349045663
4.23004	0.351614146
4.31004	0.354009088
4.39004	0.356537038
4.47004	0.358919388
4.55004	0.36129308
4.63004	0.363357861
4.71004	0.365891714
4.79004	0.368215036
4.87004	0.370447849
4.95004	0.372808949
5.02815	0.375017364
5.10815	0.377120317
5.18815	0.379412944
5.26815	0.381666614
5.34815	0.383846695
5.42815	0.385985458
5.50815	0.388241095
5.58587	0.390385367
5.66587	0.392530819
5.74587	0.394645971
5.82587	0.396822118
5.90587	0.398998264
5.98587	0.401064226
6.06587	0.403236438
6.14587	0.405326011
6.22587	0.407403778
6.30587	0.409520898
6.38587	0.411563249
6.46587	0.413593794
6.54587	0.415600729
6.62587	0.417627339
6.70587	0.419634274
6.78587	0.42168056
6.86587	0.423616661
6.94587	0.425552763
7.02587	0.427504605
7.10587	0.429413161
7.18587	0.43130991
7.26587	0.43320666
7.34587	0.435111281
7.42587	0.43711428
7.50587	0.438833947
7.58587	0.440663799
7.66587	0.44244643
7.74587	0.444288087
7.82587	0.446043171
7.90587	0.44778645
7.98587	0.449474636
8.06587	0.451320228
8.14053	0.452996609
8.21206	0.454480167
8.29206	0.456136871
8.37206	0.457899826
8.45206	0.459591947
8.53206	0.461252587
8.61206	0.462952578
8.69206	0.464601413
8.77206	0.466258118
8.85206	0.467895147
8.93206	0.469496759
9.01206	0.471098372
9.09206	0.472707854
9.17206	0.474238634
9.25206	0.475789089
9.33206	0.47735135
9.41206	0.478874259
9.49206	0.480460131
9.57206	0.481864985
9.65206	0.483395765
9.73206	0.484887193
9.81206	0.486351074
9.89206	0.487830697
9.97206	0.489208005
10.0521	0.490691562
10.1321	0.492080676
10.2121	0.493465854
10.2921	0.494831357
10.3721	0.496153572
10.4521	0.497460047
10.5321	0.498754717
10.6121	0.500037581
10.6921	0.501249612
10.7721	0.502516735
10.8521	0.503685479
10.9321	0.50488964
11.0121	0.50607806
11.0921	0.507231064
11.1721	0.508372262
11.2521	0.509564617
11.3321	0.510729426
11.4084	0.511819467
11.4884	0.512940989
11.5684	0.514078252
11.6484	0.51521945
11.7284	0.516329167
11.8084	0.51745856
11.8884	0.518536795
11.9684	0.51971341
12.0484	0.520783775
12.1284	0.521924973
12.2084	0.522983533
12.2884	0.52410112
12.3684	0.525206901
12.4484	0.526296942
12.5284	0.527406659
12.6084	0.528488829
12.6884	0.529582806
12.7684	0.530672846
12.8484	0.531747147
12.9284	0.532829317
13.0084	0.533895747
13.0884	0.534962177
13.1684	0.536071894
13.2484	0.537264249
13.3284	0.538263781
13.4084	0.539369563
13.4884	0.540467474
13.5684	0.541490617
13.6484	0.542663297
13.7284	0.543710051
13.8046	0.544807962
13.8846	0.545901938
13.9646	0.546972303
14.0446	0.548066279
14.1246	0.549183866
14.2046	0.550266037
14.2726	0.551182931
14.3526	0.552292647
14.4326	0.553382688
14.5126	0.554476664
14.5926	0.55556277
14.6726	0.556680357
14.7496	0.557711371
14.8296	0.558915531
14.9096	0.559848166
14.9896	0.560973623
15.0696	0.562024312
15.1496	0.563110418
15.2176	0.563964349
15.2976	0.56506226
15.3776	0.566116885
15.4566	0.567151833
15.5366	0.568222198
15.6061	0.569170573
15.6861	0.570205522
15.7661	0.571279822
15.8461	0.572350187
15.9261	0.573393006
16.0061	0.57442402
16.0861	0.575447163
16.1661	0.5764585
16.2461	0.577513125
16.3261	0.578567749
16.4061	0.579598763
16.4861	0.58059436
16.5661	0.581672595
16.6461	0.582652451
16.7261	0.58367953
16.8061	0.584679062
16.8842	0.585635307
16.9642	0.586682061
17.0442	0.587657982
17.1242	0.588657514
17.2042	0.589637371
17.2842	0.590597551
17.3642	0.591581342
17.4412	0.592612356
17.5212	0.593513509
17.6012	0.594579939
17.6812	0.595473221
17.7612	0.596417661
17.8412	0.59745261
17.9212	0.598432466
18.0012	0.599380841
18.0812	0.600317411
18.1612	0.601226434
18.2412	0.602044948
18.3212	0.602166938
18.3899	0.597531313
18.4699	0.598700057
18.5499	0.599774358
18.6299	0.600722733
18.7099	0.601667172
18.7899	0.602607677
18.8699	0.603473413
18.9499	0.604386372
19.0299	0.605232433
19.1099	0.60611391
19.1899	0.606916683
19.2699	0.607754874
19.3499	0.608569453
19.4299	0.609344681
19.5099	0.610175001
19.5899	0.610969904
19.6619	0.611753002
19.7231	0.612205546
19.8031	0.612839108
19.8831	0.612953228
19.9631	0.608317603
20.0431	0.6114618
20.1231	0.61228425
20.2031	0.613055542
20.2831	0.61384651
20.3631	0.614641414
20.4385	0.615353679
20.5185	0.615715714
20.5985	0.616778209
20.6785	0.617455057
20.7585	0.61822635
20.8385	0.618879587
20.9185	0.619607593
20.9985	0.620339534
21.0785	0.621102956
21.1585	0.621531889
21.2385	0.622078877
21.3185	0.622739985
21.3985	0.623346001
21.4785	0.624007108
21.5585	0.624597383
21.6385	0.624908261
21.7185	0.625817285
21.7985	0.626360338
21.8785	0.627100149
21.9585	0.627930469
22.0385	0.628292504
22.1185	0.629292036
22.1985	0.629905922
22.2785	0.630492262
22.3585	0.631121888
22.4385	0.632042717
22.5185	0.632636927
22.5912	0.633235072
22.6683	0.633636459
22.7483	0.634053587
22.8283	0.634301502
22.9046	0.633963078
22.9846	0.634702889
23.0646	0.635352191
23.1446	0.635918855
23.2246	0.63603691
23.3046	0.63685149
23.3846	0.637280423
23.4646	0.637858892
23.5446	0.638484583
23.6246	0.639019766
23.7046	0.639547078
23.7846	0.639987817
23.8646	0.640255408
23.9446	0.639783188
24.0228	0.640857488
24.1028	0.640613508
24.1748	0.641825539
24.2317	0.64219938
24.3117	0.642773914
24.3917	0.643281551
24.4717	0.643513725
24.5517	0.644009556
24.6317	0.644344045
24.7117	0.643580623
24.7917	0.642880164
24.8717	0.641156561
24.9517	0.637890373
25.0317	0.633156369
25.1117	0.634423492
25.1917	0.632231605
25.2717	0.623782804
25.3517	0.628339726
25.4248	0.628383013
25.5024	0.628520744
25.5824	0.629335323
25.6624	0.629406156
25.7424	0.629874441
25.8224	0.630610317
25.9024	0.631271424
25.9824	0.631861699
26.0624	0.631901051
26.1424	0.632766788
26.2224	0.632455909
26.3024	0.632432298
26.3824	0.632601511
26.4594	0.633046184
26.5394	0.63186957
26.6074	0.629654071
26.6847	0.629516341
26.7647	0.629909857
26.8447	0.630606382
26.9247	0.631267489
27.0047	0.631672811
27.0847	0.632436234
27.162	0.632751047
27.242	0.633770255
27.322	0.634348724
27.402	0.634687148
27.482	0.635041313
27.562	0.63353808
27.6374	0.635123952
27.7174	0.635954272
27.7974	0.635663069
27.8774	0.636107743
27.9574	0.635981818
28.0254	0.636206122
28.0934	0.636682277
28.1734	0.636961674
28.2534	0.636280891
28.323	0.633935532
28.403	0.634978351
28.483	0.635592237
28.563	0.635879504
28.643	0.636332048
28.7229	0.636910517
28.8029	0.637784124
28.8829	0.637992688
28.959	0.638157965
29.0389	0.638319306
29.1189	0.638468843
29.1989	0.638598703
29.2789	0.638850554
29.3589	0.639027636
29.4389	0.639566754
29.5189	0.639869762
29.599	0.639775318
29.679	0.639846151
29.759	0.639920919
29.839	0.639362125
29.919	0.638850554
29.999	0.638382269
30.079	0.638496389
30.159	0.639326709
30.239	0.638622314
30.319	0.638748239
30.399	0.638118613
30.479	0.638693147
30.559	0.639165367
30.6207	0.639421153
30.6887	0.639393607
30.7687	0.639436893
30.8487	0.639535273
30.9287	0.639763512
31.0087	0.63993666
31.0887	0.640035039
31.1687	0.640290824
31.2487	0.64042462
31.3238	0.640554481
31.4038	0.640680406
31.462	0.64053087
31.542	0.64076698
31.622	0.640723693
31.702	0.640759109
31.782	0.640086196
31.8476	0.640338047
31.9247	0.640208186
32.0042	0.640263278
32.0842	0.639169302
32.1642	0.637587366
32.2322	0.638248473
32.3122	0.638496389
32.3912	0.638712823
32.4712	0.638335047
32.5512	0.638157965
32.6312	0.638110743
32.7112	0.63697348
32.7912	0.632747112
32.8712	0.630870038
32.9512	0.626344597
33.0307	0.626824687
33.1107	0.623763128
33.1907	0.625903858
33.2707	0.625337194
33.3507	0.625927469
33.4307	0.626505939
33.5107	0.62665941
33.5907	0.626686956
33.6707	0.623078409
33.7507	0.622578643
33.8307	0.622468459
33.9107	0.622314987
33.9897	0.622346469
34.0697	0.62237795
34.1497	0.621775869
34.2297	0.621929341
34.3097	0.621642074
34.3897	0.621457121
34.4697	0.619103892
34.5497	0.61965088
34.6297	0.618757597
34.6782	0.619485603
34.7577	0.619402964
34.8377	0.619544631
34.9177	0.619261299
34.9977	0.619509214
35.0777	0.61952889
35.1577	0.619666621
35.2377	0.619646945
35.3177	0.619623334
35.3977	0.619485603
35.4754	0.619206206
35.5554	0.618061073
35.6086	0.618840236
35.6886	0.619072411
35.7686	0.619229817
35.8486	0.618564774
35.9286	0.617911537
36.0086	0.615904602
36.0863	0.610430787
36.1663	0.611127311
36.2463	0.610836109
36.322	0.610529166
36.402	0.611237496
36.4815	0.610643286
36.5592	0.610855784
36.6297	0.610816433
36.7097	0.611009256
36.7897	0.610985645
36.8697	0.610985645
36.9497	0.610222223
37.0254	0.610356018
37.1054	0.609868058
37.1767	0.610143519
37.2284	0.610214352
37.3084	0.610603934
37.3884	0.610840044
37.4624	0.610426851
37.5414	0.611253236
37.6214	0.610781016
37.7014	0.610781016
37.775	0.611115505
37.8534	0.61123356
37.9324	0.611091894
38.002	0.610887266
38.082	0.610946293
38.1586	0.611040737
38.2381	0.611032867
38.3176	0.610694443
38.3875	0.61075347
38.4536	0.609258107
38.5336	0.608297927
38.6136	0.608640286
38.6453	0.607030803
38.7085	0.607140988
38.7885	0.607365292
38.8685	0.607920151
38.9485	0.606932424
39.0285	0.607959502
39.1085	0.607652559
39.1678	0.607644689
39.2418	0.608175937
39.3024	0.607900475
39.3741	0.607609273
39.4495	0.606625481
39.5256	0.604834981
39.5895	0.604327344
39.6695	0.60350096
39.7435	0.601556988
39.8123	0.600533845
39.8923	0.600514169
39.9575	0.6006519