0.0300654	0.017139378
0.110065	0.032494317
0.190065	0.049177373
0.270065	0.065876249
0.350065	0.082706166
0.430065	0.099558907
0.510065	0.116393153
0.590065	0.133225825
0.670065	0.150239907
0.750065	0.166666863
0.830065	0.182997801
0.910065	0.198754992
0.990065	0.212582378
1.07007	0.22527801
1.15007	0.237225566
1.23007	0.248240883
1.31007	0.258541179
1.39007	0.268086317
1.47007	0.277349697
1.55007	0.286435208
1.63007	0.294206767
1.71007	0.302555221
1.79007	0.310258702
1.87007	0.317316028
1.95007	0.324652751
2.03007	0.331512532
2.11007	0.338125578
2.19007	0.344831494
2.27007	0.35061304
2.35007	0.356821157
2.43007	0.362584995
2.51007	0.36834529
2.59007	0.373808481
2.67007	0.379305121
2.75007	0.384028894
2.83007	0.388941161
2.91007	0.393996668
2.99007	0.398514239
3.07007	0.403110512
3.15007	0.407813036
3.23007	0.412043339
3.31007	0.416438919
3.39007	0.420712509
3.47007	0.424749989
3.55007	0.429078671
3.63007	0.433025643
3.71007	0.437267751
3.79007	0.441356389
3.87007	0.445500118
3.95007	0.448994546
4.03007	0.453169756
4.11007	0.457274134
4.19007	0.461248652
4.27007	0.46511692
4.35007	0.468996993
4.43007	0.472818039
4.51007	0.476709918
4.59007	0.48044439
4.67007	0.484226085
4.75007	0.487972363
4.83007	0.49171077
4.91007	0.495319317
4.99007	0.499085271
5.07007	0.502914187
5.15007	0.506286624
5.23007	0.509934523
5.31007	0.513613903
5.39007	0.517179163
5.47007	0.520819191
5.55007	0.524419868
5.63007	0.528008739
5.71007	0.531432333
5.79007	0.535005464
5.87007	0.538507762
5.95007	0.541852652
6.03007	0.545378561
6.09807	0.548141047
6.17807	0.551678761
6.25807	0.55496856
6.33807	0.558498404
6.41807	0.561874776
6.49807	0.565129158
6.57807	0.568529141
6.65807	0.571779588
6.73807	0.575069387
6.81807	0.578363121
6.89807	0.581597827
6.97707	0.584659386
7.05707	0.587980666
7.13707	0.591187826
7.21707	0.594418597
7.29707	0.597543119
7.37707	0.600679446
7.45707	0.603780356
7.53707	0.606877332
7.61707	0.609919215
7.69707	0.612988644
7.77707	0.616010852
7.85707	0.618946485
7.93707	0.621941146
8.01707	0.624908261
8.09707	0.62783996
8.17707	0.630704761
8.25707	0.633573497
8.33707	0.636422557
8.41707	0.639775318
8.49707	0.641979011
8.57707	0.644769043
8.65707	0.64743315
8.73707	0.650172026
8.81707	0.652828263
8.89707	0.655480564
8.97707	0.657959719
9.05707	0.660706465
9.13707	0.663311544
9.21707	0.665877272
9.29707	0.668509898
9.37707	0.671028404
9.45707	0.673566586
9.53707	0.676065417
9.61707	0.678599663
9.69707	0.681055207
9.77707	0.683546167
9.85707	0.686068608
9.93707	0.688500541
10.0171	0.690963954
10.0971	0.693447044
10.1771	0.695882912
10.2571	0.698295168
10.3371	0.700809739
10.4171	0.703178709
10.4971	0.705555549
10.5771	0.707877297
10.6571	0.710140017
10.7371	0.712477506
10.8171	0.714708745
10.8971	0.716979335
10.9771	0.719171223
11.0571	0.721374915
11.1371	0.723614025
11.2171	0.725754755
11.2971	0.727875809
11.3771	0.730150335
11.4571	0.732145464
11.5371	0.734195686
11.6171	0.736171139
11.6971	0.738111176
11.7771	0.740102369
11.8571	0.742046341
11.9371	0.743954897
12.0171	0.745741462
12.0971	0.747791683
12.1771	0.749621535
12.2571	0.751561572
12.3371	0.753430776
12.4171	0.755233082
12.4971	0.757047193
12.5771	0.758699963
12.6571	0.760557361
12.7371	0.762414759
12.8171	0.764110816
12.8971	0.765826548
12.9771	0.767518669
13.0571	0.76919505
13.1371	0.770891107
13.2171	0.772555682
13.2971	0.774180905
13.3771	0.775849415
13.4571	0.777427417
13.5371	0.77905264
13.6171	0.780603096
13.6971	0.782051237
13.7771	0.78273202
13.8571	0.780296153
13.9371	0.783837802
14.0171	0.785124601
14.0971	0.786273669
14.1771	0.784518586
14.2571	0.786478298
14.3371	0.78782019
14.4171	0.786305151
14.4971	0.777533666
14.5771	0.780335504
14.6571	0.782059107
14.7371	0.783715812
14.8171	0.78522298
14.8971	0.786600288
14.9771	0.787332229
15.0571	0.78676163
15.1371	0.788823657
15.2171	0.789744486
15.2971	0.789956985
15.3771	0.789874346
15.4571	0.790948647
15.5371	0.791991465
15.6171	0.792774563
15.6971	0.79424238
15.7771	0.795218301
15.8571	0.795462282
15.9371	0.796796303
16.0171	0.797673845
16.0971	0.797024542
16.1771	0.799700455
16.2571	0.800703922
16.3371	0.802132388
16.4171	0.803179142
16.4971	0.804221961
16.5771	0.805363159
16.6571	0.806457135
16.7371	0.807496019
16.8171	0.808586059
16.8971	0.809719387
16.9709	0.810880261
17.0496	0.811816831
17.1296	0.812855714
17.2096	0.813898533
17.2896	0.814626539
17.3696	0.815795283
17.4496	0.81679088
17.5259	0.817731385
17.6059	0.818179994
17.6859	0.819683227
17.7659	0.82022628
17.8459	0.821103822
17.9259	0.820674889
18.0059	0.819553367
18.0859	0.82106447
18.1659	0.817636941
18.2459	0.816192735
18.3259	0.817101758
18.4059	0.813560109
18.4859	0.810939289
18.5644	0.809428185
18.6444	0.805524501
18.7244	0.807342547
18.8044	0.807645555
18.8844	0.807492083
18.9644	0.805430057
19.0359	0.803816639
19.1159	0.802765949
19.1959	0.801738871
19.2759	0.798146065
19.3559	0.801101374
19.4359	0.8015854
19.5159	0.802313405
19.5959	0.802899745
19.6759	0.804280988
19.745	0.803533307
19.825	0.804985383
19.905	0.805555982
19.985	0.802927291
20.065	0.803037476
20.145	0.80325391
20.225	0.801746741
20.305	0.800326147
20.385	0.798370369
20.465	0.794167612
20.545	0.79470673
20.6231	0.794293537
20.7031	0.794214834
20.7831	0.794230575
20.8631	0.793679652
20.9431	0.793278265
21.0231	0.793313681
21.1031	0.79197966
21.1831	0.791794707
21.2631	0.791554662
21.3431	0.791346098
21.4231	0.791322487
21.5031	0.789291942
21.5804	0.788800046
21.6604	0.786797047
21.7404	0.787957921
21.8204	0.784853075
21.9004	0.790047493
21.9804	0.788390789
22.0578	0.788882684
22.1378	0.789402126
22.2178	0.788933842
22.2978	0.790267863
22.3778	0.78948083
22.4578	0.79079911
22.5378	0.790751888
22.6178	0.789661847
22.6978	0.791412996
22.7778	0.791590078
22.8578	0.791708133
22.9378	0.79173568
23.0178	0.791920632
23.0978	0.792156742
23.1778	0.792416463
23.2578	0.792715536
23.3378	0.792928035
23.4178	0.792758823
23.4978	0.79221577
23.5778	0.791920632
23.6578	0.791546792
23.7378	0.788646574
23.8178	0.773740167
23.8978	0.767424225
23.9778	0.766412888
24.0578	0.764795535
24.1378	0.764102946
24.2065	0.763197857
24.2783	0.762312445
24.3583	0.761517542
24.4383	0.761887447
24.5183	0.760171715
24.5983	0.759302043
24.6783	0.756905527
24.7583	0.752860177
24.8383	0.749826164
24.9183	0.750215746
24.9983	0.747504416
25.0723	0.748047469
25.1523	0.746457662
25.2323	0.748728253
25.3123	0.748747929
25.3923	0.748755799
25.4723	0.749062742
25.5523	0.748681031
25.6323	0.747472935
25.7123	0.746725253
25.7923	0.746453727
25.8701	0.745843776
25.9501	0.743722722
26.0301	0.733200089
26.1101	0.734353092
26.1901	0.735679243
26.2701	0.736029473
26.3501	0.735734335
26.4301	0.735694984
26.5101	0.734896145
26.5901	0.732700323
26.6701	0.730921628
26.7501	0.727765625
26.8221	0.729076035
26.9021	0.728954045
26.9821	0.725672116
27.0615	0.72124112
27.1415	0.7222013
27.2197	0.72278764
27.2997	0.722653844
27.3797	0.71875016
27.4597	0.718596688
27.5397	0.714929114
27.6197	0.713866619
27.6982	0.714291617
27.7665	0.709915713
27.8449	0.705158097
27.9249	0.704693748
28.0049	0.705433559
28.0849	0.704611109
28.1649	0.699519005
28.2449	0.700384741
28.3249	0.699963678
28.4044	0.698594241
28.4793	0.693022046
28.5587	0.694336391
28.6387	0.692947278
28.7187	0.69121187
28.7947	0.68730425
28.8747	0.68611583
28.9547	0.685037595
29.0347	0.684821161
29.1117	0.684943151
29.1917	0.684238756
29.2717	0.684195469
29.3517	0.684880188
29.4283	0.682853578
29.5083	0.681330668
29.5878	0.680968633
29.6678	0.680937152
29.7473	0.680602663
29.8273	0.681330668
29.9073	0.680807291
29.9873	0.673401309
30.0673	0.669721929
30.1473	0.662807843
30.2273	0.656047228
30.3073	0.650372719
30.3873	0.647728288
30.4663	0.646099129
30.5463	0.647736158
30.6263	0.646213249
30.7063	0.64149105
30.7863	0.643124144
30.8663	0.640814202
30.9463	0.64208526
31.0263	0.641912113
31.1063	0.641121144
31.1863	0.641007025
31.2663	0.639468375
31.3458	0.634974416
31.4258	0.634714695
31.5058	0.633400349
31.5858	0.631916792
31.6658	0.630299439
31.7458	0.628949677
31.8235	0.628127227
31.9035	0.624971224
31.9835	0.620241155
32.0635	0.617750195
32.1435	0.616742792
32.2235	0.615511086
32.3035	0.614968033
32.3835	0.614173129
32.4635	0.612902071
32.5435	0.612181935
32.6115	0.611949761
32.6915	0.61193402
32.7678	0.610540971
32.846	0.609380097
32.926	0.608750471
33.006	0.608231029
33.086	0.607259043
33.166	0.606719925
33.246	0.605889605
33.326	0.604736602
33.3962	0.601033611
33.4762	0.601985921
33.5562	0.599247045
33.6329	0.597814645
33.7119	0.596901687
33.7919	0.59615007
33.8719	0.595414194
33.9519	0.594103784
34.0314	0.594316283
34.1114	0.59388735
34.1914	0.59365911
34.2714	0.593245918
34.3514	0.593363973
34.4314	0.593619758
34.5074	0.592848466
34.5874	0.593643369
34.6674	0.592809114
34.7474	0.593702397
34.8274	0.591986664
34.9074	0.591451482
34.9874	0.591738749
35.0674	0.591132734
35.1474	0.590951716
35.2274	0.590707736
35.3074	0.590015146
35.3874	0.589542927
35.4674	0.58915728
35.5474	0.587083448
35.6274	0.585902898
35.7074	0.585167022
35.7874	0.584041565
35.8674	0.582841339
35.9474	0.580806859
36.0274	0.578622842
36.1023	0.574750638
36.1823	0.571020101
36.2623	0.56922173
36.3303	0.565479388
36.4093	0.564046987
36.4893	0.564015506
36.5693	0.563826618
36.6493	0.562004636
36.7173	0.561323853
36.7973	0.560678486
36.8773	0.558856504
36.9573	0.557672019
37.0373	0.556928273
37.1173	0.55449634
37.1973	0.552686164
37.2773	0.552182463
37.3573	0.551320661
37.4373	0.549640346
37.5173	0.550474601
37.5973	0.549782012
37.6773	0.548762804
37.7573	0.545575319
37.8373	0.541297794
37.9173	0.541490617
37.9973	0.539027203
38.0773	0.53656379
38.1573	0.535894811
38.2373	0.535068427
38.3173	0.53549736
38.3973	0.534804771
38.4773	0.533411722
38.5573	0.532947372
38.6363	0.532065895
38.7163	0.531381176
38.7963	0.530794837
38.8763	0.530680717
38.9563	0.530070766
39.0363	0.528299942
39.1163	0.527213836
39.1963	0.525982129
39.2763	0.525997869
39.3563	0.525246253
39.4363	0.524518247
39.5163	0.519056237
39.5963	0.518281009
39.6763	0.51829675
39.7563	0.51699421
39.8363	0.516352778
39.9163	0.515073849
39.9963	0.51367293
